Wavelength, nm	Energy, eV	Hemispherica	Direct	Hemispherica
		Hemispherical Tilt Irrad, W.m-2.nm-1	Direct + Circumsolar, W.m-2.nm-1	Hemispherical Tilt Irrad, W.m-2.eV-1
280	4,42785714285714	4,73E-23	2,54E-26	2,99106307468947E-21
280,5	4,41996434937611	1,23E-21	1,09E-24	7,80583219067592E-20
281	4,41209964412811	5,69E-21	6,13E-24	3,62387554444265E-19
281,5	4,40426287744227	1,57E-19	2,75E-22	1,0034709832231E-17
282	4,39645390070922	1,19E-18	2,83E-21	7,63296983384417E-17
282,5	4,38867256637168	4,54E-18	1,33E-20	2,92240986449427E-16
283	4,38091872791519	1,85E-17	6,76E-20	1,19506896273593E-15
283,5	4,37319223985891	3,54E-17	1,46E-19	2,29486824487821E-15
284	4,36549295774648	7,27E-16	4,98E-18	4,72954605581545E-14
284,5	4,35782073813708	2,49E-15	2,16E-17	1,62559463219874E-13
285	4,35017543859649	8,01E-15	9E-17	5,24771939022423E-13
285,5	4,34255691768827	4,26E-14	6,44E-16	2,80072322148734E-12
286	4,33496503496503	1,37E-13	2,35E-15	9,0385965478303E-12
286,5	4,32739965095986	8,38E-13	1,85E-14	5,54806626068721E-11
287	4,3198606271777	2,74E-12	7,25E-14	1,82038280367801E-10
287,5	4,31234782608696	1,09E-11	3,66E-13	7,26692309243426E-10
288	4,30486111111111	6,23E-11	2,81E-12	4,16793934505565E-9
288,5	4,29740034662045	1,72E-10	9,07E-12	1,15469809646717E-8
289	4,28996539792388	5,63E-10	3,5E-11	3,79273455396032E-8
289,5	4,28255613126079	2,07E-9	1,54E-10	1,39931615986449E-7
290	4,2751724137931	6,02E-9	5,15E-10	4,08357799645104E-7
290,5	4,26781411359725	1,38E-8	1,33E-9	9,39333319890305E-7
291	4,26048109965636	3,51E-8	3,9E-9	2,39740530730763E-6
291,5	4,25317324185249	1,09E-7	1,44E-8	7,47053980480723E-6
292	4,2458904109589	2,68E-7	4,08E-8	1,84309985481529E-5
292,5	4,23863247863248	4,27E-7	7,04E-8	2,94664613244072E-5
293	4,23139931740614	8,65E-7	1,58E-7	5,98962614937893E-5
293,5	4,22419080068143	2,27E-6	4,71E-7	1,57721332069689E-4
294	4,21700680272109	4,17E-6	9,46E-7	2,90722793999032E-4
294,5	4,20984719864177	6,59E-6	1,6E-6	4,61003667930311E-4
295	4,20271186440678	1,23E-5	3,22E-6	8,63371108243265E-4
295,5	4,19560067681895	2,78E-5	8,02E-6	0,00195797947249556
296	4,18851351351351	4,79E-5	1,47E-5	0,00338506726891434
296,5	4,1814502529511	7,13E-5	2,33E-5	0,00505576982174544
297	4,17441077441077	9,68E-5	3,32E-5	0,00688710372640748
297,5	4,16739495798319	1,86E-4	6,79E-5	0,0132780791256654
298	4,16040268456376	2,9E-4	1,11E-4	0,0207720277464107
298,5	4,1534338358459	3,58E-4	1,43E-4	0,0257288316663978
299	4,14648829431438	4,92E-4	2,03E-4	0,0354777318922407
299,5	4,13956594323873	8,61E-4	3,74E-4	0,0622938500161316
300	4,13266666666667	1E-3	5E-4	0,0725923536054202
300,5	4,12579034941764	0,0012	6E-4	0,087401435715438
301	4,11893687707641	0,0019	9E-4	0,13884650750121
301,5	4,11210613598673	0,0027	0,0013	0,197964248265849
302	4,10529801324503	0,0029	0,0015	0,213334086142926
302,5	4,09851239669421	0,0043	0,0022	0,317371249395064
303	4,09174917491749	0,0071	0,0037	0,525765365381513
303,5	4,08500823723229	0,009	0,0048	0,668664502339087
304	4,07828947368421	0,0095	0,0051	0,708140022584288
304,5	4,07159277504105	0,012	0,0065	0,897437489917729
305	4,06491803278688	0,0165	0,0089	1,23803234392644
305,5	4,0582651391162	0,0187	0,0102	1,40770743265043
306	4,0516339869281	0,0186	0,0102	1,40476657525407
306,5	4,04502446982055	0,0211	0,0116	1,59879131714793
307	4,03843648208469	0,0278	0,0152	2,11334263590902
307,5	4,03186991869919	0,0356	0,0195	2,71511735763833
308	4,02532467532467	0,0378	0,0208	2,89228843361833
308,5	4,01880064829822	0,0414	0,0228	3,17803770769479
309	4,01229773462783	0,0405	0,0223	3,11903573156961
309,5	4,00581583198708	0,0433	0,0237	3,34547332231005
310	3,99935483870968	0,0509	0,0278	3,94538635263752
310,5	3,99291465378422	0,0655	0,0359	5,09345973140829
311	3,98649517684887	0,0829	0,0454	6,4673099693499
311,5	3,9800963081862	0,0841	0,0462	6,58203922003549
312	3,97371794871795	0,0934	0,0509	7,33338409420874
312,5	3,96736	0,099	0,0538	7,79800673495725
313	3,96102236421725	0,1073	0,0583	8,47884634618487
313,5	3,95470494417863	0,1076	0,059	8,52973874818519
314	3,9484076433121	0,1197	0,0653	9,51922987578642
314,5	3,94213036565978	0,1306	0,0705	10,4191632924665
315	3,93587301587302	0,1363	0,0737	10,9085074205517
315,5	3,92963549920761	0,1184	0,0648	9,50602161638974
316	3,92341772151899	0,1235	0,0671	9,94693982900468
316,5	3,9172195892575	0,1504	0,0811	12,1518844974996
317	3,91104100946372	0,1716	0,093	13,908624294241
317,5	3,90488188976378	0,1825	0,0997	14,8387970842071
318	3,89874213836478	0,1759	0,0958	14,3472427810937
318,5	3,89262166405024	0,1859	0,1001	15,2106099975803
319	3,88652037617555	0,2047	0,1097	16,8014814486207
319,5	3,88043818466354	0,1959	0,1069	16,1296345983223
320	3,874375	0,2053	0,1128	16,9565413776416
320,5	3,86833073322933	0,2453	0,1331	20,3236629496693
321	3,86230529595016	0,2502	0,1341	20,79436860784
321,5	3,85629860031104	0,2384	0,1282	19,8754318438458
322	3,85031055900621	0,222	0,122	18,5657751250202
322,5	3,84434108527132	0,2171	0,1197	18,2124188377158
323	3,83839009287926	0,2123	0,1162	17,8650158896596
323,5	3,83245749613601	0,2486	0,1339	20,9844727778674
324	3,82654320987654	0,2754	0,1485	23,3185920309727
324,5	3,82064714946071	0,2832	0,1547	24,0530979190192
325	3,81476923076923	0,2789	0,155	23,7609392643975
325,5	3,80890937019969	0,3244	0,1794	27,7224238586869
326	3,80306748466258	0,3812	0,2087	32,6765697693176
326,5	3,79724349157734	0,4072	0,2216	35,0124505565414
327	3,7914373088685	0,3981	0,2183	34,3349208743346
327,5	3,78564885496183	0,3847	0,2129	33,2807544563639
328	3,77987804878049	0,3512	0,1977	30,4754805613809
328,5	3,77412480974125	0,3716	0,2068	32,3440813840942
329	3,76838905775076	0,4224	0,233	36,8777209227295
329,5	3,76267071320182	0,4688	0,2586	41,053180512986
330	3,7569696969697	0,4714	0,2619	41,4062429424101
330,5	3,75128593040847	0,428	0,241	37,7081359896758
331	3,74561933534743	0,4026	0,2284	35,5777210840458
331,5	3,73996983408748	0,4181	0,2364	37,0591625463785
332	3,73433734939759	0,4362	0,2451	38,7802135828359
332,5	3,72872180451128	0,4392	0,2466	39,1646273592515
333	3,72312312312312	0,4294	0,2426	38,4059820938861
333,5	3,71754122938531	0,4072	0,2327	36,5298436844652
334	3,71197604790419	0,415	0,2382	37,3412969833844
334,5	3,70642750373692	0,4451	0,2543	40,16966468382
335	3,70089552238806	0,4639	0,2648	41,9915934021616
335,5	3,69538002980626	0,4531	0,2589	41,1365133690918
336	3,68988095238095	0,4152	0,2381	37,8080490401678
336,5	3,68439821693908	0,3821	0,221	34,8975985844491
337	3,67893175074184	0,3738	0,2177	34,2410809808034
337,5	3,67348148148148	0,4005	0,2343	36,7958163615099
338	3,66804733727811	0,4341	0,2532	40,0010650104856
338,5	3,66262924667651	0,4553	0,2655	42,078801762381
339	3,65722713864307	0,4636	0,271	42,9725565413776
339,5	3,65184094256259	0,4745	0,2785	44,1127509477335
340	3,64647058823529	0,5018	0,2966	46,7882561703501
340,5	3,64111600587372	0,5007	0,2967	46,8231030609776
341	3,63577712609971	0,4714	0,2793	44,2126660751734
341,5	3,63045387994143	0,4694	0,2785	44,1542862961768
342	3,62514619883041	0,4893	0,2912	46,1610624294241
342,5	3,61985401459854	0,5077	0,303	48,0370891474431
343	3,61457725947522	0,5149	0,3086	48,8606792224552
343,5	3,60931586608443	0,4861	0,2925	46,2623267664139
344	3,60406976744186	0,4184	0,2535	39,9352979512825
344,5	3,5988388969521	0,4031	0,2444	38,586875927569
345	3,5936231884058	0,459	0,2785	44,0655549282142
345,5	3,58842257597684	0,4893	0,2976	47,1107140869495
346	3,58323699421965	0,4778	0,2913	46,1367194708824
346,5	3,57806637806638	0,4866	0,2975	47,1223510646879
347	3,57291066282421	0,494	0,3032	47,9771301822875
347,5	3,56776978417266	0,4767	0,2935	46,4304761856751
348	3,56264367816092	0,4751	0,2931	46,4078967575415
348,5	3,55753228120517	0,4834	0,2988	47,3544262381029
349	3,55243553008596	0,4656	0,2886	45,7416886594612
349,5	3,54735336194564	0,4781	0,2972	47,1043995200839
350	3,54228571428571	0,528	0,3291	52,1697047910953
350,5	3,53723252496434	0,5674	0,3547	56,2229648733667
351	3,53219373219373	0,5517	0,346	54,8233519115986
351	3,53219373219373	0,5302	0,3339	52,6868609453138
352	3,52215909090909	0,5179	0,3267	51,7582526213905
352,5	3,51716312056738	0,4896	0,3095	49,0690917889982
353	3,51218130311615	0,5204	0,3298	52,3040196805936
353,5	3,50721357850071	0,5723	0,3635	57,6834131916438
354	3,50225988700565	0,605	0,3852	61,1519438619132
354,5	3,49732016925247	0,6116	0,3904	61,9938094047427
355	3,49239436619718	0,6114	0,3914	62,1484795934828
355,5	3,48748241912799	0,5903	0,3788	60,1728194668495
356	3,48258426966292	0,5539	0,3563	56,6212860138732
356,5	3,47769985974755	0,5194	0,335	53,2438414663655
357	3,47282913165266	0,4567	0,2953	46,9478611872883
357,5	3,46797202797203	0,4622	0,2995	47,6464339006291
358	3,46312849162011	0,4301	0,2794	44,4614747539926
358,5	3,45829846582985	0,3993	0,26	41,3929137159219
359	3,45348189415042	0,4695	0,3065	48,8059602355219
359,5	3,44867872044506	0,5655	0,3701	58,9493155145991
360	3,44388888888889	0,5982	0,3924	62,5316341345378
360,5	3,43911234396671	0,5653	0,3717	59,2567586102597
361	3,43434903047091	0,5202	0,3428	54,6805809001452
361,5	3,42959889349931	0,5096	0,3365	53,7148528794967
362	3,42486187845304	0,5342	0,3535	56,4637076947895
362,5	3,42013793103448	0,5851	0,388	62,0146772664946
363	3,41542699724518	0,6019	0,4001	63,9714156315535
363,5	3,41072902338377	0,5854	0,3899	62,3892717777061
364	3,40604395604396	0,6063	0,4047	64,794583642523
364,5	3,40137174211248	0,6006	0,4018	64,3618859090176
365	3,39671232876712	0,6236	0,4181	67,0100903371512
365,5	3,39206566347469	0,6863	0,4611	73,9498214026456
366	3,38743169398907	0,7353	0,4951	79,4465613808679
366,5	3,38281036834925	0,7366	0,4969	79,8046211889014
367	3,37820163487738	0,7229	0,4887	78,5341814002258
367,5	3,37360544217687	0,7091	0,4804	77,2450289361187
368	3,36902173913043	0,6676	0,4532	72,92229585417
368,5	3,36445047489824	0,6631	0,4511	72,6277149338603
369	3,35989159891599	0,6932	0,4724	76,1306704307146
369,5	3,3553450608931	0,7447	0,5086	82,0084506976932
370	3,35081081081081	0,7551	0,5167	83,3789240200032
370,5	3,34628879892038	0,6826	0,468	75,5772484674948
371	3,34177897574124	0,6934	0,4763	76,9803753831263
371,5	3,33728129205922	0,7205	0,4959	80,2047315091144
372	3,33279569892473	0,6744	0,4651	75,2751811582513
372,5	3,32832214765101	0,6425	0,4439	71,9074775165349
373	3,32386058981233	0,6189	0,4283	69,4522810937248
373,5	3,3194109772423	0,5579	0,3868	62,774887300371
374	3,31497326203209	0,5564	0,3865	62,7738396515567
374,5	3,3105473965287	0,5523	0,3844	62,4779908654622
375	3,30613333333333	0,5893	0,4109	66,8416780932408
375,5	3,3017310252996	0,6516	0,4551	74,1053096467172
376	3,29734042553191	0,6748	0,4722	76,9483181158251
376,5	3,2929614873838	0,6639	0,4654	75,9068549564446
377	3,28859416445623	0,7123	0,5001	81,6571113889337
377,5	3,28423841059603	0,7946	0,5589	91,3336556299403
378	3,27989417989418	0,856	0,6031	98,6519632198742
378,5	3,27556142668428	0,8342	0,5889	96,3940707775448
379	3,2712401055409	0,7439	0,5262	86,1869171640587
379,5	3,266930171278	0,6668	0,4726	77,4582212453622
380	3,26263157894737	0,7008	0,4975	81,6224552347153
380,5	3,25834428383706	0,7508	0,534	87,6762475399258
381	3,25406824146982	0,7638	0,5442	89,4289174060333
381,5	3,24980340760157	0,6884	0,4914	80,8124575738022
382	3,2455497382199	0,5868	0,4196	69,0661422810131
382,5	3,24130718954248	0,5076	0,3636	59,9008327956122
383	3,23707571801567	0,455	0,3265	53,8340821100178
383,5	3,23285528031291	0,4405	0,3166	52,2546589167608
384	3,22864583333333	0,5097	0,3669	60,6213286013873
384,5	3,22444733420026	0,6136	0,4424	73,168879980642
385	3,22025974025974	0,6736	0,4864	80,5326342958542
385,5	3,21608300907912	0,6436	0,4655	77,145956525246
386	3,2119170984456	0,621	0,4498	74,630195192773
386,5	3,20776196636481	0,6457	0,4685	77,7997409461204
387	3,20361757105943	0,6515	0,4734	78,701809566059
387,5	3,19948387096774	0,642	0,4673	77,7547285852557
388	3,19536082474227	0,6358	0,4635	77,2026739796741
388,5	3,19124839124839	0,6314	0,461	76,866125705759
389	3,18714652956298	0,6854	0,5012	83,6549551540571
389,5	3,18305519897304	0,7597	0,5564	92,9619913897403
390	3,17897435897436	0,797	0,5846	97,7768188417487
390,5	3,17490396927017	0,8037	0,5904	98,8517615139539
391	3,17084398976982	0,8514	0,6263	104,987000645265
391,5	3,16679438058748	0,8634	0,6362	106,739200395225
392	3,16275510204082	0,7949	0,5866	98,5219499919342
392,5	3,15872611464968	0,6626	0,4896	82,3339822955315
393	3,15470737913486	0,4798	0,355	59,7714391030811
393,5	3,15069885641677	0,3815	0,2827	47,6466513752218
394	3,14670050761421	0,4957	0,3678	62,0668536860784
394,5	3,14271229404309	0,6839	0,5081	85,8489498104533
395	3,13873417721519	0,8077	0,601	101,646549846749
395,5	3,13476611883692	0,8604	0,641	108,552978786901
396	3,13080808080808	0,7566	0,5644	95,6984881432489
396,5	3,12686002522068	0,5502	0,411	69,7678496128408
397	3,12292191435768	0,4262	0,3188	54,180477335054
397,5	3,11899371069182	0,6295	0,4715	80,2265965276657
398	3,11507537688442	0,8525	0,6394	108,920317793192
398,5	3,11116687578419	1,0069	0,7562	128,970790066946
399	3,10726817042607	1,0693	0,8041	137,307331263107
399,5	3,10337922403004	1,1021	0,8298	141,874040591224
400	3,0995	1,1141	0,8399	143,778028714309
401	3,09177057356608	1,1603	0,8769	150,48991797064
402	3,08407960199005	1,2061	0,9139	157,211311824488
403	3,07642679900744	1,1613	0,8821	152,125803919987
404	3,06881188118812	1,1801	0,8985	155,356671721245
405	3,06123456790123	1,1511	0,8785	152,290028633651
406	3,05369458128079	1,1227	0,8588	149,267121471205
407	3,04619164619165	1,1026	0,8455	147,317783029521
408	3,03872549019608	1,1514	0,8849	154,594813356993
409	3,03129584352078	1,2299	0,9472	165,945234634618
410	3,02390243902439	1,0485	0,8091	142,162324568479
411	3,01654501216545	1,1738	0,9077	159,928593160187
412	3,00922330097087	1,2478	0,9669	170,839299241813
413	3,00193704600484	1,1971	0,9295	164,694426439748
414	2,99468599033816	1,1842	0,9213	163,709584771737
415	2,98746987951807	1,2258	0,9557	170,280210517825
416	2,98028846153846	1,2624	0,9863	176,210593966769
417	2,97314148681055	1,2312	0,9639	172,682801096951
418	2,96602870813397	1,1777	0,9239	165,972297789966
419	2,95894988066826	1,2258	0,9635	173,578539925794
420	2,95190476190476	1,1232	0,8847	159,810033876432
421	2,94489311163896	1,2757	1,0067	182,373240603323
422	2,93791469194313	1,2583	0,995	180,741326988224
423	2,93096926713948	1,2184	0,9653	175,840533634457
424	2,92405660377358	1,2117	0,9618	175,70138667527
425	2,91717647058824	1,2488	0,9931	181,936199386998
426	2,91032863849765	1,2135	0,9667	177,626331666398
427	2,90351288056206	1,1724	0,9355	172,416937893209
428	2,89672897196262	1,1839	0,9463	174,924614937893
429	2,88997668997669	1,0963	0,8777	162,739271092112
430	2,88325581395349	0,8746	0,7013	130,435183094047
431	2,87656612529002	0,7939	0,6378	118,951167849653
432	2,86990740740741	1,3207	1,0628	198,801675108889
433	2,86327944572748	1,2288	0,9905	185,825522826262
434	2,85668202764977	1,1352	0,9165	172,464696886595
435	2,85011494252874	1,2452	1,007	190,049177286659
436	2,84357798165138	1,3659	1,1061	209,430655266979
437	2,8370709382151	1,3943	1,1306	214,766959751573
438	2,83059360730594	1,2238	0,9937	189,368194224875
439	2,82414578587699	1,1775	0,9575	183,036761977738
440	2,81772727272727	1,3499	1,0993	210,792579448298
441	2,81133786848073	1,3313	1,0859	208,834130746895
442	2,80497737556561	1,425	1,164	224,547265688014
443	2,79864559819413	1,4453	1,1823	228,777770366188
444	2,79234234234234	1,4084	1,1537	223,944460719471
445	2,78606741573034	1,4619	1,1992	233,499554363607
446	2,77982062780269	1,3108	1,0766	210,307382481045
447	2,77360178970917	1,4903	1,2257	240,180152201968
448	2,76741071428571	1,5081	1,2422	244,137524116793
449	2,76124721603563	1,5045	1,2409	244,643252540732
450	2,75511111111111	1,5595	1,2881	254,717494757219
451	2,7490022172949	1,6173	1,3376	265,333470963059
452	2,7429203539823	1,5482	1,2822	255,124578803033
453	2,73686534216336	1,4297	1,1854	236,640835054041
454	2,73083700440529	1,5335	1,273	254,943447330215
455	2,72483516483516	1,5224	1,2655	254,214276496209
456	2,71885964912281	1,5724	1,3088	263,71879851589
457	2,7129102844639	1,5854	1,3213	267,066627359252
458	2,70698689956332	1,5514	1,2946	262,484166478464
459	2,70108932461874	1,5391	1,2859	261,54148015809
460	2,69521739130435	1,5291	1,2791	260,975608969189
461	2,68937093275488	1,5827	1,3255	271,299392402
462	2,68354978354978	1,5975	1,3392	275,025641232457
463	2,67775377969762	1,6031	1,3452	277,185791175996
464	2,67198275862069	1,5544	1,3055	269,927490240361
465	2,66623655913978	1,535	1,2905	267,708803839329
466	2,66051502145923	1,5673	1,319	274,51895370221
467	2,65481798715203	1,4973	1,2616	263,384948943378
468	2,6491452991453	1,5619	1,3178	275,92642813357
469	2,64349680170576	1,5682	1,3247	278,224584771737
470	2,63787234042553	1,5077	1,2749	268,632787546378
471	2,63227176220807	1,5331	1,2975	274,322017341507
472	2,62669491525424	1,6126	1,3661	289,773736409098
473	2,62114164904863	1,5499	1,3144	279,6883183578
474	2,61561181434599	1,5671	1,3304	283,989159219229
475	2,61010526315789	1,6185	1,3755	294,542718583643
476	2,6046218487395	1,5631	1,3299	285,659739958058
477	2,59916142557652	1,5724	1,3392	288,567994515244
478	2,59372384937238	1,623	1,3839	299,104316825294
479	2,58830897703549	1,5916	1,3586	294,546132924665
480	2,58291666666667	1,6181	1,3825	300,701919664462
481	2,57754677754678	1,6177	1,3836	301,88150483949
482	2,57219917012448	1,6236	1,3899	304,243625100823
483	2,56687370600414	1,6038	1,3742	301,781656880142
484	2,56157024793388	1,5734	1,3492	297,288587191482
485	2,55628865979381	1,5683	1,3457	297,550707775448
486	2,55102880658436	1,2716	1,0918	242,254261655106
487	2,54579055441478	1,4241	1,2235	272,42488538474
488	2,5405737704918	1,5413	1,3252	296,056902080981
489	2,53537832310838	1,4519	1,2492	280,028859412809
490	2,53020408163265	1,6224	1,3968	314,194418454589
491	2,52505091649694	1,5595	1,3435	303,247152363284
492	2,51991869918699	1,4869	1,2818	290,308889820939
493	2,51480730223124	1,5903	1,3719	311,760626472012
494	2,50971659919028	1,5525	1,3402	305,586296176803
495	2,50464646464646	1,6485	1,4238	325,797477415712
496	2,49959677419355	1,5676	1,3548	311,062011292144
497	2,49456740442656	1,5944	1,3788	317,657000806582
498	2,48955823293173	1,5509	1,3421	310,235040813034
499	2,48456913827655	1,5507	1,3429	311,442047668979
500	2,4796	1,5451	1,3391	311,56234876593
501	2,47465069860279	1,4978	1,299	303,2338262623
502	2,46972111553785	1,4966	1,2991	304,201634457171
503	2,46481113320079	1,5653	1,3597	319,434576302629
504	2,45992063492063	1,4587	1,2682	298,865251814809
505	2,4550495049505	1,5635	1,3598	321,609604371673
506	2,4501976284585	1,6264	1,4153	335,874294563639
507	2,44536489151874	1,556	1,3548	322,607068882078
508	2,44055118110236	1,5165	1,321	315,659022422971
509	2,43575638506876	1,5893	1,385	332,116013308598
510	2,43098039215686	1,5481	1,3497	324,778843361833
511	2,42622309197652	1,5769	1,3753	332,119458703017
512	2,421484375	1,6186	1,4125	342,237682206808
513	2,41676413255361	1,5206	1,3277	322,773658170673
514	2,41206225680934	1,4885	1,3003	317,192890788837
515	2,4073786407767	1,5314	1,3385	327,605714631392
516	2,40271317829457	1,5455	1,3514	331,907281819648
517	2,39806576402321	1,2594	1,1017	271,514572189063
518	2,39343629343629	1,4403	1,2605	311,717258590095
519	2,3888246628131	1,3957	1,2222	303,232092030973
520	2,38423076923077	1,5236	1,3349	332,296693015002
521	2,37965451055662	1,5346	1,3452	335,984318922407
522	2,37509578544061	1,569	1,376	344,835776738184
523	2,37055449330784	1,4789	1,2976	326,280075899339
524	2,36603053435115	1,5905	1,3962	352,244820132279
525	2,36152380952381	1,5781	1,3859	350,833854250686
526	2,35703422053232	1,5341	1,3479	342,352517825456
527	2,35256166982922	1,3417	1,1795	300,555734231328
528	2,34810606060606	1,5357	1,3508	345,320687852879
529	2,34366729678639	1,6071	1,4142	362,74598411034
530	2,33924528301887	1,5446	1,3598	349,958170672689
531	2,33483992467043	1,6292	1,4348	370,520133247298
532	2,33045112781955	1,5998	1,4094	365,205513147282
533	2,32607879924953	1,4286	1,259	327,350819003065
534	2,32172284644195	1,5302	1,3491	351,948468462655
535	2,31738317757009	1,5535	1,3701	358,64698943378
536	2,31305970149254	1,6199	1,4292	375,375698015809
537	2,30875232774674	1,4989	1,3229	348,633887804485
538	2,30446096654275	1,5738	1,3896	367,419718664301
539	2,30018552875696	1,5352	1,3558	359,741764155509
540	2,29592592592593	1,4825	1,3096	348,682852072915
541	2,2916820702403	1,4251	1,2595	336,424982335861
542	2,28745387453875	1,5511	1,3714	367,524875302468
543	2,28324125230203	1,5256	1,3493	362,817901597032
544	2,27904411764706	1,5792	1,3971	376,949613808679
545	2,2748623853211	1,5435	1,3657	369,783906678497
546	2,27069597069597	1,5291	1,3536	367,679606065495
547	2,26654478976234	1,549	1,3717	373,830247620584
548	2,26240875912409	1,5049	1,3331	364,516445878368
549	2,25828779599271	1,552	1,3752	377,298235199226
550	2,25418181818182	1,5399	1,3648	375,721688982094
551	2,25009074410163	1,5382	1,3639	376,672897402807
552	2,24601449275362	1,5697	1,3923	385,783085013712
553	2,24195298372514	1,525	1,3533	376,156416357477
554	2,23790613718412	1,5549	1,3802	384,919897080174
555	2,23387387387387	1,5634	1,3883	388,422556057429
556	2,22985611510791	1,5366	1,3651	383,141133731247
557	2,22585278276481	1,4988	1,3321	375,061462493951
558	2,22186379928315	1,531	1,3613	384,4961155025
559	2,21788908765653	1,4483	1,2885	365,031644055493
560	2,21392857142857	1,474	1,3118	372,839490240361
561	2,20998217468806	1,5595	1,3885	395,876269962897
562	2,20604982206406	1,4847	1,3225	378,233252782707
563	2,20213143872114	1,5408	1,3731	393,923080496854
564	2,19822695035461	1,5106	1,3466	387,575268269076
565	2,19433628318584	1,5201	1,3555	391,396937005969
566	2,1904593639576	1,4374	1,2823	371,414513953864
567	2,18659611992945	1,532	1,3673	397,258548152928
568	2,18274647887324	1,518	1,3554	395,017931924504
569	2,17891036906854	1,4807	1,3228	386,669553718342
570	2,17508771929825	1,4816	1,324	388,265720277464
571	2,17127845884413	1,4331	1,281	376,874783916761
572	2,16748251748252	1,5134	1,3534	399,387212130989
573	2,16369982547993	1,5198	1,3595	402,479766252621
574	2,15993031358885	1,5119	1,3527	401,78638844975
575	2,15617391304348	1,4777	1,3225	394,067238667527
576	2,15243055555556	1,4654	1,3118	392,147564445878
577	2,14870017331023	1,5023	1,3452	403,419290772705
578	2,14498269896194	1,456	1,304	392,342558477174
579	2,1412780656304	1,477	1,323	399,379703984514
580	2,13758620689655	1,502	1,3455	407,543797386675
581	2,13390705679862	1,5089	1,3518	410,828998951444
582	2,13024054982818	1,532	1,3729	418,555547668979
583	2,12658662092624	1,5479	1,3872	424,354075738022
584	2,12294520547945	1,5448	1,3845	424,958306823681
585	2,11931623931624	1,5324	1,3737	422,992087433457
586	2,11569965870307	1,4953	1,3409	414,163606065494
587	2,11209540034072	1,5281	1,3708	424,694215921923
588	2,10850340136054	1,4934	1,3403	416,465631230844
589	2,10492359932088	1,2894	1,1582	360,800078561058
590	2,10135593220339	1,3709	1,2316	384,909090175835
591	2,09780033840948	1,4662	1,3171	413,063237780287
592	2,09425675675676	1,4354	1,29	405,755787707695
593	2,09072512647555	1,4561	1,3086	412,998958622358
594	2,08720538720539	1,4491	1,3029	412,400909501533
595	2,0836974789916	1,4308	1,287	408,565066946282
596	2,08020134228188	1,4745	1,326	422,460067752863
597	2,07671691792295	1,4788	1,3303	425,115042103565
598	2,07324414715719	1,4607	1,3142	421,319698983707
599	2,06978297161937	1,4606	1,3145	422,701032908534
600	2,06633333333333	1,4753	1,3278	428,381997096306
601	2,06289517470882	1,4579	1,3123	424,741843765123
602	2,05946843853821	1,436	1,2928	419,754915308921
603	2,05605306799337	1,4664	1,3205	430,066331343765
604	2,05264900662252	1,4921	1,3439	439,056261977738
605	2,04925619834711	1,4895	1,3418	439,743698580416
606	2,04587458745875	1,4822	1,3353	439,036295531537
607	2,04250411861615	1,4911	1,3434	443,131395305694
608	2,03914473684211	1,4862	1,3392	443,131663816745
609	2,03579638752053	1,4749	1,3292	441,210184626553
610	2,03245901639344	1,4686	1,3237	440,76952734312
611	2,0291325695581	1,4611	1,317	439,957503710276
612	2,02581699346405	1,4831	1,337	448,045012421358
613	2,02251223491028	1,4621	1,3182	443,145551621229
614	2,01921824104235	1,4176	1,2783	431,061082110018
615	2,01593495934959	1,4697	1,3254	448,360447249556
616	2,01266233766234	1,431	1,2906	437,975105662204
617	2,00940032414911	1,4128	1,2744	433,809823519923
618	2,00614886731392	1,4664	1,3228	451,728789804807
619	2,00290791599354	1,4733	1,3292	455,324327552831
620	1,99967741935484	1,4739	1,3299	456,982706888208
621	1,99645732689211	1,4802	1,3359	460,417654621713
622	1,99324758842444	1,4269	1,2882	445,269220519439
623	1,9900481540931	1,4165	1,2793	443,446304645911
624	1,98685897435897	1,4118	1,2751	443,39493208582
625	1,98368	1,4026	1,2667	441,918555412163
626	1,98051118210863	1,4012	1,2655	442,891314082917
627	1,97735247208931	1,4417	1,3022	457,149604210357
628	1,97420382165605	1,3631	1,2328	433,606090014518
629	1,97106518282989	1,4114	1,2758	450,401441684143
630	1,96793650793651	1,3924	1,2589	445,752185836425
631	1,9648177496038	1,4161	1,2799	454,779635505727
632	1,96170886075949	1,3638	1,2327	439,372843361833
633	1,95860979462875	1,4508	1,311	468,881756089692
634	1,95552050473186	1,4284	1,2907	463,102073237619
635	1,95244094488189	1,4458	1,3065	470,22318519116
636	1,94937106918239	1,4128	1,2768	460,938819809647
637	1,94631083202512	1,461	1,3204	478,164630585578
638	1,94326018808777	1,4707	1,3292	482,851758993386
639	1,94021909233177	1,4646	1,3238	482,357587191482
640	1,9371875	1,434	1,2962	473,75899338603
641	1,93416536661466	1,4348	1,297	475,505774157122
642	1,93115264797508	1,4376	1,2995	477,92141184062
643	1,92814930015552	1,4525	1,313	484,380281093725
644	1,92515527950311	1,4462	1,3074	483,780612356832
645	1,92217054263566	1,4567	1,317	488,807563719955
646	1,91919504643963	1,415	1,2797	476,288223907082
647	1,91622874806801	1,4086	1,2744	475,603030650105
648	1,91327160493827	1,3952	1,2625	472,535941926117
649	1,91032357473035	1,3519	1,2234	459,285071705114
650	1,90738461538462	1,3594	1,2299	463,257380222617
651	1,90445468509985	1,4447	1,3071	493,841994434586
652	1,90153374233129	1,3871	1,2558	475,610387481852
653	1,89862174578867	1,4311	1,295	492,203516615583
654	1,89571865443425	1,4153	1,2807	488,261376673657
655	1,89282442748092	1,3499	1,222	467,124413211808
656	1,88993902439024	1,1851	1,0727	411,349567349573
657	1,88706240487062	1,2393	1,1218	431,474919906437
658	1,88419452887538	1,3855	1,254	483,845476689789
659	1,88133535660091	1,3905	1,2586	487,068664703985
660	1,87848484848485	1,3992	1,2668	491,604710437167
661	1,87564296520424	1,3933	1,2618	491,01631658332
662	1,87280966767372	1,3819	1,2518	488,473450233909
663	1,86998491704374	1,3844	1,2539	490,836686239716
664	1,8671686746988	1,3967	1,2647	496,692565897725
665	1,86436090225564	1,4214	1,2871	507,000012098726
666	1,86156156156156	1,4203	1,286	508,132430069366
667	1,85877061469265	1,4102	1,2767	506,035221648653
668	1,8559880239521	1,415	1,281	509,281303436038
669	1,85321375186846	1,4394	1,3032	519,615505242781
670	1,85044776119403	1,4196	1,2853	514,001000161316
671	1,84769001490313	1,4169	1,2829	514,555954912083
672	1,84494047619048	1,3972	1,2651	508,915280529118
673	1,84219910846954	1,4094	1,276	514,887992095499
674	1,83946587537092	1,4074	1,2742	515,686435231489
675	1,83674074074074	1,3958	1,2639	512,954811259881
676	1,83402366863905	1,412	1,2786	520,446936602678
677	1,83131462333826	1,3991	1,2669	517,218990079045
678	1,82861356932153	1,4066	1,2737	521,528887239877
679	1,8259204712813	1,3947	1,2629	518,643234957251
680	1,82323529411765	1,3969	1,265	520,99254718503
681	1,82055800293686	1,3915	1,2601	520,506074770124
682	1,81788856304985	1,3981	1,2662	524,511908694951
683	1,81522693997072	1,383	1,2526	520,369645910631
684	1,8125730994152	1,3739	1,2445	518,460524600742
685	1,80992700729927	1,3748	1,2454	520,318220680755
686	1,80728862973761	1,3438	1,2174	510,07170898532
687	1,80465793304221	0,9682	0,8829	368,575887885143
688	1,80203488372093	1,1206	1,0195	427,834559122439
689	1,79941944847605	1,1278	1,026	431,836057267301
690	1,7968115942029	1,1821	1,0746	453,942418131957
691	1,79421128798842	1,2333	1,1201	474,977671640587
692	1,79161849710983	1,2689	1,1516	490,103669624133
693	1,78903318903319	1,2609	1,1446	488,422297225359
694	1,7864553314121	1,2464	1,1318	484,199959993547
695	1,78388489208633	1,2714	1,1538	495,33633247298
696	1,78132183908046	1,2684	1,1513	495,59062300371
697	1,77876614060258	1,3403	1,2151	525,18938756251
698	1,77621776504298	1,3192	1,1961	518,405804807227
699	1,77367668097282	1,2918	1,1721	509,0940246814
700	1,77114285714286	1,2823	1,1636	506,797064042588
701	1,76861626248217	1,2659	1,1489	501,745866994677
702	1,76609686609687	1,2674	1,15	503,774632682691
703	1,76358463726885	1,2747	1,1567	508,120835860623
704	1,76107954545455	1,3078	1,1864	522,799326342959
705	1,75858156028369	1,3214	1,1989	529,737727859332
706	1,75609065155807	1,3144	1,1925	528,42739022423
707	1,75360678925035	1,309	1,1875	527,748298919181
708	1,75112994350282	1,3048	1,1839	527,544174221649
709	1,74866008462623	1,3095	1,188	530,941094934667
710	1,74619718309859	1,3175	1,1954	535,692652040652
711	1,74374120956399	1,3155	1,1934	536,387220116148
712	1,74129213483146	1,3071	1,1856	534,462415228263
713	1,73884992987377	1,2918	1,1719	529,691139054686
714	1,73641456582633	1,3029	1,1823	535,742223261816
715	1,73398601398601	1,2587	1,1428	519,018315454106
716	1,73156424581006	1,2716	1,1548	525,805266655912
717	1,72914923291492	1,1071	1,0081	459,064310291983
718	1,72674094707521	1,0296	0,9387	428,120269720923
719	1,72433936022253	0,9232	0,8427	384,947890950153
720	1,72194444444444	0,9855	0,8994	412,069043394096
721	1,71955617198336	1,0861	0,9897	455,395475157283
722	1,71717451523546	1,2407	1,1281	521,662412324569
723	1,71479944674965	1,1444	1,0423	482,506103887724
724	1,71243093922652	1,0555	0,9631	446,255660590418
725	1,71006896551724	1,038	0,9474	440,069970963059
726	1,70771349862259	1,0813	0,9864	459,692917244717
727	1,70536451169188	1,085	0,9899	462,537477819003
728	1,70302197802198	1,04	0,9497	444,574415228263
729	1,70068587105624	1,0466	0,955	448,625706242942
730	1,69835616438356	1,1285	1,0294	485,060211324407
731	1,69603283173735	1,0703	0,977	461,305515647685
732	1,69371584699454	1,1534	1,052	498,48314373286
733	1,69140518417462	1,1962	1,0901	518,394177931924
734	1,68910081743869	1,2357	1,1261	536,974341990644
735	1,68680272108844	1,2178	1,1101	530,638816744636
736	1,68451086956522	1,2059	1,0994	526,884341345378
737	1,68222523744912	1,2039	1,0978	527,440844571705
738	1,67994579945799	1,2269	1,1184	538,977031456687
739	1,67767253044655	1,1905	1,0855	524,404783432812
740	1,67540540540541	1,2195	1,1119	538,633811905146
741	1,67314439946019	1,2148	1,1078	538,009032747217
742	1,67088948787062	1,2153	1,1084	539,684166155832
743	1,66864064602961	1,2405	1,1316	552,360690837232
744	1,66639784946237	1,2503	1,1408	558,223956121955
745	1,6641610738255	1,2497	1,1404	559,456962816583
746	1,66193029490617	1,247	1,1381	559,747904500726
747	1,65970548862115	1,2477	1,1389	561,564630827553
748	1,65748663101604	1,2401	1,1323	559,639385707372
749	1,65527369826435	1,2357	1,1286	559,145778109372
750	1,65306666666667	1,2341	1,1273	559,913897402807
751	1,6508655126498	1,2286	1,1224	558,905975641232
752	1,64867021276596	1,233	1,1265	562,40234876593
753	1,6464807436919	1,2266	1,121	560,972124052267
754	1,64429708222812	1,242	1,1353	569,524820132279
755	1,64211920529801	1,2383	1,1321	569,335342393934
756	1,63994708994709	1,2232	1,1185	563,883557993225
757	1,63778071334214	1,2221	1,1176	564,867868123891
758	1,63562005277045	1,2295	1,1246	569,790642039039
759	1,633465085639	1,1945	1,0932	555,03206525246
760	1,63131578947368	0,266	0,2472	123,92450395225
761	1,62917214191853	0,154	0,1433	71,9346943055332
762	1,62703412073491	0,6877	0,6349	322,075236973705
763	1,62490170380079	0,3795	0,3522	178,200625504114
764	1,62277486910995	0,5388	0,4989	253,666240361349
765	1,62065359477124	0,686	0,6338	323,813800613002
766	1,61853785900783	0,8146	0,7508	385,523017906114
767	1,61642764015645	0,9742	0,8957	462,260964510405
768	1,61432291666667	1,1138	1,0222	529,880602677851
769	1,61222366710013	1,1278	1,0347	537,939131956767
770	1,61012987012987	1,1608	1,0646	555,120438780449
771	1,60804150453956	1,1686	1,0716	560,303075173415
772	1,6059585492228	1,1778	1,0802	566,179992902081
773	1,60388098318241	1,1771	1,0797	567,310361267946
774	1,60180878552972	1,1771	1,08	568,779125342797
775	1,59974193548387	1,1771	1,0801	570,249788272302
776	1,59768041237113	1,1798	1,0827	573,033751250202
777	1,5956241956242	1,1727	1,0764	571,054200919503
778	1,59357326478149	1,1713	1,0754	571,841546378448
779	1,59152759948652	1,1765	1,0803	575,857748427166
780	1,58948717948718	1,1636	1,0687	571,006807549605
781	1,58745198463508	1,1607	1,0662	571,045114292628
782	1,58542199488491	1,1662	1,0714	575,22123632844
783	1,58339719029374	1,1614	1,0672	574,319700435554
784	1,58137755102041	1,1536	1,0602	571,920601387321
785	1,57936305732484	1,1586	1,0649	575,865692047104
786	1,57735368956743	1,1592	1,0656	577,632782061623
787	1,57534942820839	1,145	1,053	572,009602355219
788	1,57335025380711	1,1305	1,0399	566,201961606711
789	1,57135614702155	1,1257	1,0359	565,229786820455
790	1,56936708860759	1,091	1,0045	549,195918696564
791	1,56738305941846	1,1058	1,0179	558,056178254557
792	1,56540404040404	1,0953	1,0084	554,155718019035
793	1,56343001261034	1,0875	1,0015	551,59968341668
794	1,56146095717884	1,0972	1,0101	557,924164542668
795	1,55949685534591	1,0932	1,0066	557,29128085175
796	1,55753768844221	1,0742	0,9899	548,983954831425
797	1,5555834378921	1,0913	1,0057	559,12532803678
798	1,55363408521303	1,1121	1,0245	571,212879819326
799	1,55168961201502	1,0905	1,0048	561,523060574286
800	1,54975	1,0725	0,9886	553,637683497338
801	1,5478152309613	1,0843	0,9998	561,129185594451
802	1,54588528678304	1,0856	1,0011	563,205567349572
803	1,5439601494396	1,0657	0,9829	554,261131876109
804	1,54203980099502	1,0782	0,9945	562,159809001452
805	1,54012422360248	1,0545	0,9727	551,171449024036
806	1,53821339950372	1,0974	1,0122	575,020605258913
807	1,5363073110285	1,0859	1,0018	570,407556944669
808	1,53440594059406	1,0821	0,9984	569,821047265688
809	1,53250927070457	1,0548	0,9735	556,82090562994
810	1,53061728395062	1,0559	0,9749	558,780440393612
811	1,52872996300863	1,0533	0,9727	558,781681964833
812	1,52684729064039	1,0268	0,9488	546,067445717051
813	1,5249692496925	1,0086	0,9324	537,710383448943
814	1,52309582309582	0,9036	0,8368	482,918007420552
815	1,52122699386503	0,8952	0,8293	479,604952411679
816	1,51936274509804	0,8322	0,7717	446,947381190515
817	1,51750305997552	0,8518	0,7898	458,595846265527
818	1,51564792176039	0,8226	0,763	443,959834166801
819	1,51379731379731	0,9052	0,8384	489,734519438619
820	1,5119512195122	0,8619	0,799	467,447620583965
821	1,51010962241169	0,9976	0,9229	542,364334247459
822	1,50827250608272	0,9516	0,8808	518,616627197935
823	1,50643985419198	0,6727	0,6258	367,510258348121
824	1,50461165048544	0,9351	0,8662	512,10716050976
825	1,50278787878788	0,9694	0,8975	532,180896112276
826	1,50096852300242	0,9338	0,8653	513,880729795128
827	1,49915356711004	0,9847	0,9118	543,204457412486
828	1,49734299516908	0,8498	0,7887	469,921989998387
829	1,49553679131484	0,9293	0,8614	515,125876189708
830	1,49373493975904	0,916	0,8493	508,979190191967
831	1,49193742478941	0,9239	0,8567	514,606636473625
832	1,49014423076923	0,8943	0,8296	499,319183094047
833	1,48835534213685	0,9565	0,8862	535,332173334409
834	1,48657074340528	0,9341	0,8661	524,051346668818
835	1,48479041916168	1,0032	0,9292	564,168511050169
836	1,48301435406699	0,9723	0,9014	548,10177512502
837	1,48124253285544	1,0092	0,9349	570,264748185191
838	1,47947494033413	0,999	0,9259	565,85074689466
839	1,4777115613826	1,0013	0,9278	568,507902322955
840	1,47595238095238	1,0157	0,9412	578,059299887079
841	1,47419738406659	1,0101	0,9363	576,241763268269
842	1,47244655581948	0,997	0,9241	570,12188094854
843	1,47069988137604	1,0053	0,9317	576,234424665269
844	1,46895734597156	0,9863	0,9143	566,685753185998
845	1,46721893491124	1,0165	0,9423	585,422174947572
846	1,46548463356974	1,0187	0,9445	588,078633005323
847	1,46375442739079	0,9917	0,9195	573,84618914341
848	1,46202830188679	0,9922	0,9201	575,492005807388
849	1,4603062426384	0,986	0,9145	573,245512179384
850	1,45858823529412	0,8937	0,829	520,808396515567
851	1,45687426556992	0,9749	0,9045	569,465683900629
852	1,45516431924883	0,9693	0,8994	567,526010001613
853	1,45345838218054	0,9649	0,8954	566,276757622197
854	1,45175644028103	0,8511	0,79	500,662080658171
855	1,45005847953216	0,913	0,8475	538,333461042104
856	1,44836448598131	0,9732	0,9034	575,172346507501
857	1,44667444574096	0,9917	0,9206	587,476264962091
858	1,44498834498834	0,992	0,9209	589,026204226488
859	1,44330616996508	0,9917	0,9208	590,221477415712
860	1,44162790697674	0,9882	0,9176	589,508565897725
861	1,43995354239257	0,9868	0,9165	590,043202774641
862	1,43828306264501	0,9945	0,9237	596,029406355864
863	1,43661645422943	1,0005	0,9293	601,017409662849
864	1,4349537037037	0,9792	0,9096	589,586129375706
865	1,43329479768786	0,9632	0,8949	581,29562832715
866	1,43163972286374	0,849	0,7888	513,560771092112
867	1,42998846597463	0,9155	0,8507	555,066365139539
868	1,42834101382488	0,9592	0,8914	582,903936763994
869	1,42669735327963	0,9496	0,8825	578,400456202613
870	1,42505747126437	0,9676	0,8993	590,721438941765
871	1,42342135476464	0,9539	0,8867	583,697088159381
872	1,42178899082569	0,9669	0,8989	593,011203097274
873	1,42016036655212	0,9572	0,89	588,409323116632
874	1,41853546910755	0,9404	0,8745	579,407154702371
875	1,41691428571429	0,9269	0,862	572,397009598322
876	1,41529680365297	0,9528	0,8863	589,73693563478
877	1,41368301026226	0,9562	0,8895	593,193377802872
878	1,4120728929385	0,9524	0,8861	592,184160025811
879	1,41046643913538	0,9366	0,8714	583,687337151153
880	1,40886363636364	0,9396	0,8743	586,890014518471
881	1,40726447219069	0,9086	0,8456	568,817458138409
882	1,40566893424036	0,9325	0,8679	585,105767059203
883	1,40407701019253	0,9293	0,8649	584,420864413615
884	1,40248868778281	0,9331	0,8686	588,140501371189
885	1,40090395480226	0,9442	0,8791	596,484146636554
886	1,39932279909707	0,9075	0,8452	574,595797709308
887	1,39774520856821	0,9106	0,848	577,860825455719
888	1,39617117117117	0,9223	0,859	586,606010001613
889	1,39460067491564	0,9346	0,8704	595,76867768995
890	1,39303370786517	0,9239	0,8608	590,273584449105
891	1,39147025813692	0,9258	0,8626	592,817413937732
892	1,38991031390135	0,9088	0,8469	583,238783029521
893	1,38835386338186	0,8733	0,8141	561,713350298435
894	1,38680089485459	0,8513	0,7941	548,789810291983
895	1,38525139664804	0,8136	0,7596	525,660542022907
896	1,38370535714286	0,7625	0,7127	493,746733344088
897	1,38216276477146	0,6657	0,6231	432,027916841426
898	1,38062360801782	0,7178	0,6714	466,879166962413
899	1,37908787541713	0,5487	0,5146	357,686633892563
900	1,37755555555556	0,7426	0,6943	485,163736086466
901	1,37602663706992	0,5993	0,5616	392,411952976287
902	1,37450110864745	0,6679	0,625	438,301428940152
903	1,37297895902547	0,6889	0,6448	453,085384820132
904	1,37146017699115	0,8446	0,7886	556,719336667204
905	1,36994475138122	0,8171	0,7634	539,784906839813
906	1,36843267108168	0,7756	0,725	513,502501693822
907	1,36692392502756	0,6385	0,5983	423,666225600903
908	1,36541850220264	0,6522	0,6109	433,711421842233
909	1,36391639163916	0,7043	0,6591	469,389988949831
910	1,36241758241758	0,6247	0,5855	417,256065494435
911	1,3609220636663	0,6681	0,6258	447,225536457493
912	1,3594298245614	0,6889	0,6451	462,16199516051
913	1,3579408543264	0,6283	0,5891	422,432168656235
914	1,35645514223195	0,6265	0,5874	422,145179867721
915	1,35497267759563	0,6784	0,6355	458,116986610744
916	1,35349344978166	0,5765	0,541	390,156302629456
917	1,35201744820065	0,7302	0,6835	495,254999032102
918	1,35054466230937	0,5927	0,5561	402,873459267624
919	1,34907508161045	0,7388	0,6916	503,2760661397
920	1,34760869565217	0,7441	0,6966	507,990191966446
921	1,34614549402823	0,7805	0,73	533,999113163414
922	1,34468546637744	0,7003	0,6558	480,16924116793
923	1,34322860238353	0,745	0,697	511,92700838845
924	1,34177489177489	0,7215	0,6757	496,853834489434
925	1,34032432432432	0,7111	0,6662	490,752490321019
926	1,33887688984881	0,7033	0,6588	486,419479593483
927	1,33743257820928	0,7874	0,7368	545,761941119535
928	1,33599137931034	0,5897	0,5536	409,614619132118
929	1,33455328310011	0,5513	0,5179	383,767142522988
930	1,33311827956989	0,4321	0,4068	301,438369091789
931	1,33168635875403	0,4092	0,3854	286,077271495403
932	1,33025751072961	0,3009	0,2839	210,815423132763
933	1,32883172561629	0,2484	0,2346	174,406733021455
934	1,32740899357602	0,1438	0,136	101,181475076625
935	1,32598930481283	0,2508	0,2369	176,84758025488
936	1,32457264957265	0,1614	0,1527	114,052181319568
937	1,32315901814301	0,1634	0,1545	115,712320212938
938	1,32174840085288	0,2006	0,1896	142,359014679787
939	1,32034078807242	0,3989	0,3759	283,689713582836
940	1,31893617021277	0,4718	0,4441	336,249782222939
941	1,31753453772582	0,372	0,3507	265,687152766575
942	1,31613588110403	0,4053	0,3819	290,086005162123
943	1,31474019088017	0,2783	0,2629	199,611224955638
944	1,31334745762712	0,2858	0,2699	205,425608001291
945	1,31195767195767	0,3682	0,3473	265,21358686885
946	1,31057082452431	0,1946	0,1841	140,466731408292
947	1,30918690601901	0,3711	0,3501	268,435086223584
948	1,307805907173	0,2742	0,2591	198,761604129698
949	1,30642781875659	0,494	0,4651	358,845696080013
950	1,30505263157895	0,1473	0,1394	107,225560574286
951	1,30368033648791	0,4838	0,4556	352,919183577996
952	1,30231092436975	0,2689	0,2542	196,568112276174
953	1,300944386149	0,3436	0,3244	251,702381351831
954	1,29958071278826	0,4241	0,3999	311,324564929827
955	1,29821989528796	0,3412	0,322	250,994458783675
956	1,29686192468619	0,3282	0,31	241,937244071624
957	1,29550679205852	0,2707	0,2559	199,967998306178
958	1,29415448851775	0,461	0,4345	341,256012260042
959	1,29280500521376	0,3739	0,3529	277,358223826424
960	1,29145833333333	0,4207	0,3969	312,725536376835
961	1,2901144640999	0,4612	0,4348	343,545640587191
962	1,28877338877339	0,4417	0,4166	329,705286981771
963	1,28743509865005	0,505	0,4759	377,739429746733
964	1,28609958506224	0,4586	0,4324	343,745076302629
965	1,28476683937824	0,5037	0,4747	378,333628407808
966	1,28343685300207	0,5028	0,4738	378,440745926762
967	1,28210961737332	0,5024	0,4735	378,922982416519
968	1,28078512396694	0,6521	0,613	492,848322632683
969	1,27946336429309	0,6862	0,6448	519,692723181158
970	1,27814432989691	0,6346	0,5969	481,606017099532
971	1,27682801235839	0,714	0,6706	542,981508307792
972	1,27551440329218	0,6877	0,6463	524,05868430392
973	1,27420349434738	0,6065	0,5708	463,132068478787
974	1,27289527720739	0,5753	0,5417	440,210762058397
975	1,27158974358974	0,5899	0,5554	452,309797951282
976	1,2702868852459	0,5719	0,5387	439,40814195838
977	1,26898669396111	0,6386	0,6008	491,661735279884
978	1,26768916155419	0,6151	0,579	474,538884013551
979	1,26639427987743	0,6382	0,6005	493,36751588966
980	1,26510204081633	0,6047	0,5694	468,425455718664
981	1,2638124362895	0,7134	0,6706	553,757329730602
982	1,26252545824847	0,6922	0,651	538,397380867882
983	1,26124109867752	0,6687	0,6292	521,178782303597
984	1,2599593495935	0,7373	0,6929	575,814767543152
985	1,25868020304569	0,6882	0,6473	538,561739796741
986	1,25740365111562	0,7508	0,7055	588,743956121955
987	1,25612968591692	0,7393	0,6949	580,902679222455
988	1,25485829959514	0,7346	0,6906	578,37988578803
989	1,2535894843276	0,7491	0,7039	590,990838119052
990	1,25232323232323	0,7323	0,6884	578,905654137764
991	1,2510595358224	0,7536	0,7083	596,948089691886
992	1,24979838709677	0,751	0,706	596,089743507017
993	1,24853977844914	0,7373	0,6933	586,396134618487
994	1,24728370221328	0,7541	0,7089	600,966242619777
995	1,24603015075377	0,7518	0,7067	600,339405549282
996	1,24477911646586	0,7488	0,7041	599,146298435232
997	1,24353059177533	0,7397	0,6956	593,054087191482
998	1,24228456913828	0,7389	0,6948	593,601674140991
999	1,24104104104104	0,7386	0,6946	594,550361832554
1000	1,2398	0,7353	0,6916	593,079528956283
1001	1,23856143856144	0,7444	0,7001	601,620861751895
1002	1,2373253493014	0,7281	0,685	589,623578319084
1003	1,23609172482552	0,7344	0,6909	595,913058235199
1004	1,23486055776892	0,7234	0,6806	588,15839199871
1005	1,23363184079602	0,6817	0,6414	555,358963139216
1006	1,2324055666004	0,7125	0,6705	581,606428456203
1007	1,23118172790467	0,7275	0,6846	595,031978948218
1008	1,22996031746032	0,7269	0,6841	595,722633973221
1009	1,22874132804757	0,7197	0,6774	590,992817954509
1010	1,22752475247525	0,7191	0,677	591,671164703984
1011	1,22631058358061	0,7228	0,6803	595,893739958058
1012	1,22509881422925	0,7188	0,6767	593,768920148411
1013	1,22388943731491	0,7176	0,6756	593,949729311179
1014	1,22268244575937	0,7207	0,6785	597,6938677206
1015	1,22147783251232	0,7082	0,6668	588,486324407163
1016	1,22027559055118	0,7113	0,6698	592,227530892079
1017	1,21907571288102	0,7034	0,6624	586,803422003549
1018	1,21787819253438	0,7142	0,6726	596,985482174544
1019	1,21668302257115	0,6888	0,6488	576,885833844168
1020	1,21549019607843	0,699	0,6584	586,578157767382
1021	1,21429970617042	0,7018	0,6611	590,083153573157
1022	1,21311154598826	0,6897	0,6498	581,045825778351
1023	1,2119257086999	0,6951	0,6549	586,741658251331
1024	1,2107421875	0,6906	0,6508	584,083388933699
1025	1,20956097560976	0,6975	0,6573	591,071896676883
1026	1,2083820662768	0,6964	0,6563	591,291794160348
1027	1,20720545277507	0,6931	0,6532	589,637578561058
1028	1,20603112840467	0,6939	0,654	591,468315534764
1029	1,20485908649174	0,6863	0,6469	586,128874253912
1030	1,20368932038835	0,6906	0,6509	590,948169059526
1031	1,20252182347236	0,6874	0,648	589,352630585578
1032	1,20135658914729	0,6879	0,6485	590,925963542507
1033	1,20019361084221	0,6761	0,6375	581,915529036941
1034	1,19903288201161	0,6802	0,6414	586,578408775609
1035	1,19787439613527	0,6823	0,6435	589,528002500403
1036	1,19671814671815	0,682	0,6432	590,408027101145
1037	1,19556412729026	0,675	0,6366	585,476750282304
1038	1,19441233140655	0,6717	0,6336	583,738614937893
1039	1,19326275264678	0,6764	0,638	588,956286820455
1040	1,19211538461538	0,6717	0,6337	585,990256492983
1041	1,1909702209414	0,6718	0,6338	587,205110340377
1042	1,18982725527831	0,672	0,6341	588,508959509598
1043	1,18868648130393	0,6653	0,6277	583,760235279884
1044	1,18754789272031	0,6683	0,6307	587,517526052589
1045	1,18641148325359	0,6645	0,6271	585,296509517664
1046	1,18527724665392	0,6471	0,6108	571,061835457332
1047	1,18414517669532	0,6569	0,6201	580,819238667527
1048	1,18301526717557	0,6627	0,6256	587,067317954509
1049	1,18188751191611	0,659	0,6221	584,904225681562
1050	1,1807619047619	0,6546	0,618	582,107194708824
1051	1,17963843958135	0,6552	0,6186	583,751068882078
1052	1,17851711026616	0,6512	0,6149	581,291857396354
1053	1,17739791073124	0,6492	0,613	580,608810130666
1054	1,17628083491461	0,6465	0,6105	579,292784320052
1055	1,17516587677725	0,6485	0,6124	582,188024278109
1056	1,17405303030303	0,6464	0,6106	581,403379899984
1057	1,17294228949858	0,6448	0,6091	581,063199870947
1058	1,17183364839319	0,6382	0,6029	576,204311017906
1059	1,17072710103872	0,6188	0,5845	559,745477335054
1060	1,16962264150943	0,6359	0,6007	576,300403290853
1061	1,16852026390198	0,6212	0,5869	564,040881755122
1062	1,16741996233522	0,6327	0,5978	575,566138732054
1063	1,16632173095014	0,6224	0,5882	567,263030811421
1064	1,16522556390977	0,632	0,5972	577,09684787869
1065	1,16413145539906	0,6291	0,5946	575,529075254073
1066	1,16303939962477	0,6171	0,5833	565,611620906598
1067	1,16194939081537	0,6203	0,5864	569,611813760284
1068	1,16086142322097	0,6194	0,5856	569,851996773673
1069	1,15977549111319	0,5863	0,5543	540,410368043233
1070	1,15869158878505	0,6047	0,5718	558,41347798032
1071	1,15760971055089	0,6166	0,583	570,467398451363
1072	1,15652985074627	0,6154	0,5819	570,420901435715
1073	1,15545200372787	0,6036	0,5709	560,527653169866
1074	1,15437616387337	0,6216	0,5878	578,319633489273
1075	1,1533023255814	0,5925	0,5605	552,272796015486
1076	1,15223048327138	0,6147	0,5814	574,032027101145
1077	1,15116063138347	0,6043	0,5718	565,369490804969
1078	1,15009276437848	0,6032	0,5708	565,388827875464
1079	1,14902687673772	0,6047	0,5721	567,846856509114
1080	1,14796296296296	0,5972	0,5652	561,843910308114
1081	1,14690101757632	0,5808	0,5497	547,427188901436
1082	1,14584103512015	0,5894	0,5577	556,561320858203
1083	1,14478301015697	0,5981	0,566	565,821028311018
1084	1,14372693726937	0,5785	0,5478	548,289962897242
1085	1,14267281105991	0,5933	0,5616	563,355051217938
1086	1,14162062615101	0,5541	0,525	527,103826100984
1087	1,14057037718491	0,567	0,5369	540,369110340377
1088	1,13952205882353	0,5932	0,5616	566,379206968866
1089	1,13847566574839	0,5792	0,5486	554,029233102113
1090	1,13743119266055	0,5557	0,5266	532,527157606065
1091	1,13638863428048	0,5884	0,5572	564,898645265366
1092	1,13534798534799	0,5812	0,5505	559,009579609615
1093	1,13430924062214	0,5106	0,4842	492,004984190999
1094	1,13327239488117	0,5397	0,5112	520,997248911115
1095	1,13223744292237	0,5207	0,4936	503,575026213906
1096	1,13120437956204	0,5032	0,4773	487,539838038393
1097	1,13017319963537	0,5785	0,5481	561,519685836425
1098	1,12914389799636	0,5029	0,4771	489,029078561058
1099	1,12811646951774	0,5077	0,4816	494,596360461365
1100	1,12709090909091	0,4858	0,4611	474,123245684788
1101	1,12606721162579	0,497	0,4717	485,936358283594
1102	1,12504537205082	0,4688	0,4451	459,197124697532
1103	1,12402538531278	0,4664	0,4429	457,675784481368
1104	1,12300724637681	0,4677	0,4441	459,784032263268
1105	1,12199095022624	0,5064	0,4807	498,731295370221
1106	1,12097649186257	0,3979	0,3784	392,58396870463
1107	1,11996386630533	0,483	0,4587	477,409152282626
1108	1,11895306859206	0,4157	0,3952	411,630847556057
1109	1,11794409377818	0,4128	0,3925	409,497400225843
1110	1,11693693693694	0,479	0,455	476,025084691079
1111	1,11593159315932	0,3315	0,3157	330,035014921762
1112	1,11492805755396	0,4136	0,3933	412,513791256654
1113	1,11392632524708	0,2685	0,256	268,276719228908
1114	1,11292639138241	0,2999	0,2858	300,189305049201
1115	1,11192825112108	0,2499	0,2383	250,59035933215
1116	1,11093189964158	0,2014	0,1922	202,318792063236
1117	1,10993733213966	0,0796	0,0762	80,1065045975157
1118	1,10894454382826	0,2175	0,2076	219,276068720761
1119	1,10795352993744	0,1132	0,1082	114,32862171318
1120	1,10696428571429	0,1419	0,1356	143,571027585094
1121	1,10597680642284	0,1859	0,1775	188,425199145023
1122	1,10499108734403	0,0817	0,0782	82,9575921922891
1123	1,1040071237756	0,1282	0,1226	130,40549911276
1124	1,10302491103203	0,1087	0,104	110,767035973544
1125	1,10204444444444	0,1443	0,1379	147,305765042749
1126	1,10106571936057	0,0516	0,0494	52,7685123407001
1127	1,10008873114463	0,1573	0,1503	161,148001048556
1128	1,0991134751773	0,0992	0,0949	101,807140506533
1129	1,09813994685562	0,1059	0,1013	108,876013792547
1130	1,09716814159292	0,0706	0,0676	72,7126472011615
1131	1,09619805481874	0,2956	0,282	304,984668172286
1132	1,0952296819788	0,2341	0,2236	241,959476044523
1133	1,09426301853486	0,1533	0,1466	158,726829891918
1134	1,09329805996473	0,0417	0,04	43,2524320051621
1135	1,09233480176211	0,0155	0,0148	16,1054101467979
1136	1,09137323943662	0,1288	0,1232	134,066692047104
1137	1,09041336851363	0,2879	0,2747	300,200189627359
1138	1,08945518453427	0,2033	0,1943	212,358804000645
1139	1,08849868305531	0,2985	0,2848	312,349022826262
1140	1,08754385964912	0,256	0,2445	268,347798031941
1141	1,08659070990359	0,1934	0,1849	203,084195354089
1142	1,08563922942207	0,2248	0,2148	236,470452653654
1143	1,08468941382327	0,3118	0,2976	328,561702048718
1144	1,08374125874126	0,1133	0,1084	119,599765123407
1145	1,08279475982533	0,146	0,1398	154,387522180997
1146	1,08184991273997	0,1576	0,1509	166,945153734473
1147	1,08090671316478	0,0592	0,0567	62,8198522342313
1148	1,07996515679443	0,2711	0,259	288,178556541378
1149	1,07902523933856	0,2185	0,2089	232,669719712857
1150	1,07808695652174	0,1216	0,1165	129,711243748992
1151	1,07715030408341	0,2034	0,1945	217,34515518632
1152	1,07621527777778	0,2476	0,2367	265,035449588643
1153	1,07528187337381	0,2381	0,2276	255,309148975641
1154	1,07435008665511	0,1425	0,1364	153,06463139216
1155	1,07341991341991	0,3132	0,299	337,003250524278
1156	1,07249134948097	0,2809	0,2684	302,772045813841
1157	1,07156439066551	0,3146	0,3004	339,682993547346
1158	1,0706390328152	0,3117	0,2977	337,133794805614
1159	1,06971527178602	0,3369	0,3216	365,019655508953
1160	1,06879310344828	0,2865	0,2737	310,948862719794
1161	1,06787252368648	0,3475	0,3317	377,804926197774
1162	1,06695352839931	0,35	0,3341	381,178738506211
1163	1,06603611349957	0,4686	0,4464	511,222643490886
1164	1,06512027491409	0,4019	0,3833	439,210116470398
1165	1,06420600858369	0,3886	0,3708	425,405416196161
1166	1,06329331046312	0,3749	0,3578	411,112715276658
1167	1,06238217652099	0,41	0,3911	450,374649136958
1168	1,06147260273973	0,4195	0,4002	461,600232295532
1169	1,06056458511548	0,4231	0,4035	466,359057186643
1170	1,05965811965812	0,4587	0,4373	506,464292627843
1171	1,05875320239112	0,4483	0,4275	495,827827310857
1172	1,05784982935154	0,4548	0,4337	503,876434263591
1173	1,05694799658994	0,4564	0,4352	506,512337151153
1174	1,05604770017036	0,3369	0,3219	374,529105016938
1175	1,05514893617021	0,4524	0,4314	503,786699467656
1176	1,05425170068027	0,4768	0,4545	531,862362316503
1177	1,05335598980459	0,4724	0,4504	527,850798193257
1178	1,05246179966044	0,36	0,3439	402,940990482336
1179	1,05156912637829	0,4837	0,4611	542,315560332312
1180	1,05067796610169	0,4407	0,4205	494,943281174383
1181	1,0497883149873	0,4551	0,4342	511,982360945314
1182	1,04890016920474	0,3232	0,309	364,212354250686
1183	1,0480135249366	0,4387	0,4185	495,20553661881
1184	1,04712837837838	0,4199	0,4008	474,785718986933
1185	1,0462447257384	0,4074	0,3891	461,430283110179
1186	1,04536256323777	0,4772	0,4552	541,39991224391
1187	1,04448188711036	0,4558	0,4349	517,993281335699
1188	1,04360269360269	0,335	0,3204	381,352024520084
1189	1,04272497897393	0,4157	0,3969	474,015018309405
1190	1,0418487394958	0,4624	0,4412	528,153444103888
1191	1,04097397145256	0,4466	0,4264	510,964360864656
1192	1,04010067114094	0,4734	0,4517	542,536713663494
1193	1,03922883487008	0,4543	0,4337	521,521229795128
1194	1,03835845896147	0,4689	0,4475	539,184320374254
1195	1,03748953974895	0,447	0,4267	514,863022261655
1196	1,0366220735786	0,4313	0,4119	497,611244394257
1197	1,03575605680869	0,4772	0,4553	551,489316663978
1198	1,03489148580968	0,4339	0,4143	502,286671721245
1199	1,03402835696414	0,3649	0,3487	423,117119616067
1200	1,03316666666667	0,4483	0,4279	520,690433940958
1201	1,0323064113239	0,4371	0,4174	508,528373205356
1202	1,03144758735441	0,4372	0,4174	509,492102597193
1203	1,0305901911887	0,4341	0,4144	506,721589691886
1204	1,0297342192691	0,3625	0,3465	423,847233424746
1205	1,02887966804979	0,4369	0,4171	511,687145104049
1206	1,02802653399668	0,4809	0,4587	564,1541155025
1207	1,02717481358741	0,4299	0,4104	505,161626955961
1208	1,02632450331126	0,4335	0,4138	510,236283271495
1209	1,02547559966915	0,4143	0,3955	488,445263994193
1210	1,02462809917355	0,4534	0,4327	535,427439909663
1211	1,02378199834847	0,4223	0,4032	499,525583400549
1212	1,02293729372937	0,4249	0,4057	503,431445071786
1213	1,02209398186315	0,4696	0,448	557,311568317471
1214	1,02125205930807	0,4341	0,4144	516,030685271818
1215	1,02041152263374	0,4278	0,4085	509,379783029521
1216	1,01957236842105	0,4664	0,4451	556,255168898209
1217	1,01873459326212	0,4553	0,4346	543,910164300694
1218	1,01789819376026	0,4593	0,4384	549,590718825617
1219	1,01706316652994	0,4466	0,4264	535,271965316987
1220	1,01622950819672	0,4581	0,4372	549,956476851105
1221	1,01539721539722	0,4653	0,4441	559,516306904339
1222	1,01456628477905	0,4514	0,431	543,691238586869
1223	1,01373671300082	0,4441	0,424	535,774519196645
1224	1,01290849673203	0,4481	0,4279	541,484647201161
1225	1,01208163265306	0,4624	0,4414	559,678173899016
1226	1,01125611745514	0,4682	0,447	567,623958057751
1227	1,01043194784026	0,433	0,4136	525,805821100177
1228	1,00960912052117	0,4666	0,4454	567,531323116632
1229	1,00878763222132	0,4672	0,4461	569,186994031295
1230	1,0079674796748	0,46	0,4393	561,327633489273
1231	1,00714865962632	0,472	0,4507	576,907881916438
1232	1,00633116883117	0,4663	0,4453	570,867342474593
1233	1,00551500405515	0,454	0,4336	556,711732537506
1234	1,00470016207455	0,4702	0,4489	577,512398128731
1235	1,00388663967611	0,465	0,4441	572,051641393773
1236	1,00307443365696	0,4691	0,448	578,030483626391
1237	1,00226354082458	0,4634	0,4426	571,931210356509
1238	1,00145395799677	0,468	0,4469	578,542823035974
1239	1,00064568200161	0,4627	0,4419	572,915378851428
1240	0,999838709677419	0,4608	0,4401	571,484174866914
1241	0,999033037872683	0,462	0,4413	573,896936602678
1242	0,998228663446055	0,4625	0,4418	575,444305533151
1243	0,997425583266291	0,4575	0,4371	570,14027867398
1244	0,996623794212219	0,4553	0,435	568,311938054525
1245	0,995823293172691	0,4566	0,4362	570,851278432005
1246	0,995024077046549	0,4595	0,439	575,400146797871
1247	0,994226142742582	0,4575	0,4372	573,815629537022
1248	0,993429487179487	0,4586	0,4383	576,118191966446
1249	0,992634107285829	0,4597	0,4393	578,42592329408
1250	0,99184	0,4571	0,4368	576,075778351347
1251	0,991047162270184	0,4526	0,4326	571,317512985965
1252	0,990255591054313	0,451	0,4311	570,208343281174
1253	0,989465283320032	0,4477	0,428	566,940659219229
1254	0,988676236044657	0,4436	0,4242	562,645666720439
1255	0,987888446215139	0,4507	0,4309	572,563129133731
1256	0,987101910828025	0,4402	0,421	560,115621229231
1257	0,986316626889419	0,4353	0,4163	554,763130908211
1258	0,985532591414944	0,445	0,4255	568,027891595419
1259	0,984749801429706	0,4273	0,4087	546,301912647201
1260	0,983968253968254	0,4311	0,4124	552,036102597193
1261	0,983187946074544	0,4115	0,3937	527,774472898855
1262	0,982408874801902	0,3957	0,3787	508,315236973705
1263	0,981631037212985	0,4002	0,383	514,910980642039
1264	0,980854430379747	0,3715	0,3557	478,741784158735
1265	0,980079051383399	0,3957	0,3787	510,734822148734
1266	0,979304897314376	0,3853	0,3688	498,097989030489
1267	0,978531965272297	0,3882	0,3716	502,640095015325
1268	0,977760252365931	0,3705	0,3548	480,479748346508
1269	0,97698975571316	0,2465	0,2366	320,175823923213
1270	0,976220472440945	0,3874	0,3709	503,982464913696
1271	0,975452399685287	0,4083	0,3906	532,00884037748
1272	0,974685534591195	0,4088	0,3911	533,498837877077
1273	0,973919874312647	0,4063	0,3887	531,070279641878
1274	0,973155416012559	0,4061	0,3886	531,64313889337
1275	0,972392156862745	0,4123	0,3946	540,607507259235
1276	0,971630094043887	0,4169	0,399	547,496833682852
1277	0,970869224745497	0,42	0,4019	552,432795612196
1278	0,970109546165884	0,4276	0,4092	563,310403613486
1279	0,969351055512119	0,4246	0,4063	560,23398015809
1280	0,96859375	0,422	0,4039	557,674463623165
1281	0,96783762685402	0,4134	0,3955	547,163475883207
1282	0,967082683307332	0,3731	0,357	494,594938215841
1283	0,966328916601715	0,4073	0,3898	540,774358525569
1284	0,965576323987539	0,4208	0,4027	559,569644136151
1285	0,964824902723735	0,424	0,4058	564,703500564607
1286	0,964074650077761	0,4271	0,4088	569,717915470237
1287	0,963325563325563	0,4221	0,4041	563,924306259074
1288	0,962577639751553	0,4199	0,4019	561,857223423133
1289	0,961830876648565	0,4094	0,3919	548,658410550089
1290	0,961085271317829	0,4129	0,3952	554,207848040006
1291	0,960340821068939	0,4179	0,4	561,788990079045
1292	0,959597523219814	0,3962	0,3795	533,442810775932
1293	0,958855375096674	0,4126	0,3951	556,38401145346
1294	0,958114374034003	0,4042	0,3871	545,900170350056
1295	0,957374517374517	0,4051	0,388	547,961628891757
1296	0,956635802469136	0,3896	0,3732	527,80964155509
1297	0,955898226676947	0,3713	0,3558	503,794323035974
1298	0,955161787365177	0,3918	0,3754	532,429591224391
1299	0,954426481909161	0,4085	0,3913	555,979439022423
1300	0,953692307692308	0,3531	0,3386	481,318761090498
1301	0,952959262106072	0,3623	0,3473	494,619569527343
1302	0,952227342549923	0,3918	0,3754	535,716185836425
1303	0,951496546431312	0,3462	0,332	474,093785933215
1304	0,950766871165644	0,3006	0,2885	412,28024649137
1305	0,950038314176245	0,3838	0,3678	527,198737699629
1306	0,949310872894334	0,3845	0,3685	528,970029036941
1307	0,94858454475899	0,3059	0,2936	421,481988304565
1308	0,947859327217125	0,347	0,3328	478,843206968866
1309	0,947135217723453	0,3841	0,3682	530,850179141797
1310	0,946412213740458	0,3011	0,2891	416,775052427811
1311	0,945690312738368	0,3337	0,3201	462,604611792225
1312	0,944969512195122	0,3334	0,3199	462,894087433457
1313	0,944249809596344	0,3135	0,3009	435,928602597193
1314	0,943531202435312	0,2883	0,2769	401,498327794806
1315	0,942813688212928	0,2858	0,2745	398,622765768672
1316	0,94209726443769	0,3242	0,3111	452,869587998064
1317	0,941381928625664	0,3122	0,2997	436,770015970318
1318	0,940667678300455	0,3333	0,3198	466,997442490724
1319	0,939954510993177	0,2686	0,258	376,915473947411
1320	0,939242424242424	0,2587	0,2486	363,573866752702
1321	0,938531415594247	0,2987	0,2868	420,425670834006
1322	0,937821482602118	0,3022	0,2902	425,996212937571
1323	0,937112622826909	0,2328	0,2239	328,663164381352
1324	0,936404833836858	0,2625	0,2523	371,153573156961
1325	0,935698113207547	0,3222	0,3094	456,252923858687
1326	0,93499245852187	0,2805	0,2696	397,803208582029
1327	0,934287867370007	0,2663	0,2559	378,234709388611
1328	0,933584337349398	0,2345	0,2256	333,570291982578
1329	0,93288186606471	0,1776	0,171	253,012100016132
1330	0,93218045112782	0,2292	0,2205	327,013937731892
1331	0,931480090157776	0,1448	0,1395	206,905979028876
1332	0,930780780780781	0,1458	0,1405	208,648055492821
1333	0,930082520630158	0,203	0,1955	290,940850943701
1334	0,929385307346327	0,1693	0,163	243,005993547346
1335	0,928689138576779	0,2312	0,2224	332,352331021132
1336	0,927994011976048	0,1835	0,1767	264,178428778835
1337	0,927299925205684	0,1645	0,1585	237,179464833038
1338	0,92660687593423	0,178	0,1715	257,028094854009
1339	0,925914861837192	0,1768	0,1703	255,677071140507
1340	0,925223880597015	0,1683	0,1622	243,748572350379
1341	0,924533929903057	0,1704	0,1642	247,158479109534
1342	0,923845007451565	0,178	0,1715	258,567181803517
1343	0,923157110945644	0,1271	0,1226	184,903845700919
1344	0,922470238095238	0,0756	0,073	110,145992579448
1345	0,9217843866171	0,109	0,1052	159,044785449266
1346	0,92109955423477	0,0582	0,0562	85,0474844329731
1347	0,920415738678545	0,0601	0,0581	87,95449338603
1348	0,91973293768546	0,0047	0,0046	6,88852137441523
1349	0,919051148999259	0,0162	0,0156	23,7786547830295
1350	0,91837037037037	0,016	0,0155	23,5199225681562
1351	0,917690599555885	0,0046	0,0045	6,77199919341829
1352	0,917011834319527	0,0015	0,0015	2,21153089207937
1353	0,916334072431633	1E-4	1E-4	0,147653573156961
1354	0,915657311669128	3E-4	3E-4	0,443615744474915
1355	0,914981549815498	0	0	0
1356	0,914306784660767	0	0	0
1357	0,913633014001474	1E-4	1E-4	0,148527907727053
1358	0,912960235640648	0	0	0
1359	0,912288447387785	0	0	0
1360	0,911617647058824	0	0	0
1361	0,91094783247612	0	0	0
1362	0,910279001468429	0	0	0
1363	0,909611151870873	0	0	0
1364	0,908944281524927	0	0	0
1365	0,908278388278388	0	0	0
1366	0,907613469985359	0	0	0
1367	0,906949524506218	0	0	0
1368	0,906286549707602	0	0	0
1369	0,905624543462381	0	0	0
1370	0,904963503649635	0	0	0
1371	0,904303428154632	0	0	0
1372	0,903644314868805	0	0	0
1373	0,90298616168973	0	0	0
1374	0,902328966521106	2E-4	2E-4	0,304545249233747
1375	0,901672727272727	3E-4	3E-4	0,457483061784159
1376	0,901017441860465	3E-4	2E-4	0,45814873366672
1377	0,900363108206245	1E-4	1E-4	0,152938296499435
1378	0,899709724238026	0,0011	0,0011	1,68476560735603
1379	0,899057287889775	1E-4	1E-4	0,153382884336183
1380	0,898405797101449	1E-4	1E-4	0,153605420229069
1381	0,897755249818972	0	0	0
1382	0,897105643994211	0	0	0
1383	0,89645697758496	0	0	0
1384	0,895809248554913	0	0	0
1385	0,895162454873646	0	0	0
1386	0,894516594516594	0	0	0
1387	0,893871665465032	2E-4	2E-4	0,310335376673657
1388	0,893227665706052	0	0	0
1389	0,892584593232541	6E-4	6E-4	0,93369301500242
1390	0,891942446043165	5E-4	5E-4	0,779198257783514
1391	0,891301222142344	3E-4	3E-4	0,46819188578803
1392	0,89066091954023	0	0	0
1393	0,890021536252692	1E-4	1E-4	0,156513066623649
1394	0,889383070301291	1E-4	1E-4	0,156737860945314
1395	0,888745519713262	0	0	0
1396	0,88810888252149	0	0	0
1397	0,887473156764495	0	0	0
1398	0,886838340486409	0,0013	0,0012	2,04930246814002
1399	0,886204431736955	8E-4	8E-4	1,26291401839006
1400	0,885571428571429	0	0	0
1401	0,884939329050678	0	0	0
1402	0,884308131241084	0,0018	0,0018	2,85375641232457
1403	0,88367783321454	0,0024	0,0023	3,81043845781578
1404	0,883048433048433	7E-4	7E-4	1,11296273592515
1405	0,882419928825623	0	0	0
1406	0,881792318634424	0,002	0,002	3,18895950959832
1407	0,881165600568586	2E-4	2E-4	0,319349733828037
1408	0,880539772727273	0,0016	0,0016	2,55843071463139
1409	0,879914833215046	6E-4	6E-4	0,960774802387482
1410	0,879290780141844	5E-4	5E-4	0,801782545571866
1411	0,878667611622962	0,0021	0,0021	3,37226496209066
1412	0,878045325779037	0,0026	0,0026	4,1811053395709
1413	0,877423920736023	0,0234	0,0227	37,6832671398613
1414	0,876803394625177	4E-4	4E-4	0,645070495241168
1415	0,876183745583039	2E-4	2E-4	0,32299161155025
1416	0,875564971751412	0,0356	0,0346	57,5737970640426
1417	0,874947071277347	0,0118	0,0114	19,1104131311502
1418	0,874330042313117	0,0136	0,0132	22,0566594612034
1419	0,873713883016209	0,0021	0,0021	3,41061308275528
1420	0,873098591549296	0,0083	0,008	13,4990482335861
1421	0,872484166080225	0,0092	0,0089	14,9838822390708
1422	0,871870604781997	0,0463	0,045	75,514187126956
1423	0,871257905832748	0,0092	0,009	15,0260903371512
1424	0,87064606741573	0,017	0,0165	27,8046394579771
1425	0,870035087719298	0,0259	0,0251	42,4207029359574
1426	0,869424964936886	0,0278	0,027	45,5965742861752
1427	0,868815697266994	0,0495	0,0482	81,3020531537345
1428	0,868207282913165	0,0046	0,0044	7,56593515083078
1429	0,867599720083975	0,038	0,037	62,588770769479
1430	0,866993006993007	0,0616	0,0599	101,601742216487
1431	0,86638714185884	0,0502	0,0488	82,9146654299081
1432	0,865782122905028	0,0025	0,0025	4,13498951443781
1433	0,865177948360084	0,0358	0,0349	59,2957785126633
1434	0,864574616457462	0,021	0,0204	34,8310017744798
1435	0,86397212543554	0,0214	0,0208	35,5439708017422
1436	0,863370473537604	0,0384	0,0373	63,8687581868043
1437	0,86276965901183	0,0299	0,0291	49,8004299887079
1438	0,862169680111266	0,0133	0,0129	22,182872398774
1439	0,861570535093815	0,051	0,0497	85,180489595096
1440	0,860972222222222	0,0396	0,0385	66,2321019519277
1441	0,860374739764053	0,0318	0,031	53,2602805291176
1442	0,859778085991678	0,0363	0,0354	60,8815237941603
1443	0,859182259182259	0,0451	0,0439	75,7456282464914
1444	0,858587257617728	0,0618	0,0601	103,937251814809
1445	0,857993079584775	0,0498	0,0484	83,8713058557832
1446	0,857399723374827	0,0231	0,0225	38,9580251653492
1447	0,856807187284036	0,0362	0,0353	61,1355749314406
1448	0,85621546961326	0,1157	0,1125	195,667569608001
1449	0,855624568668047	0,1021	0,0994	172,906325294402
1450	0,855034482758621	0,0274	0,0267	46,4659622519761
1451	0,854445210199862	0,0113	0,011	19,1894106307469
1452	0,853856749311295	0,0624	0,0607	106,112412969834
1453	0,853269098417068	0,082	0,0798	139,634729795128
1454	0,852682255845942	0,1376	0,1338	234,636523310211
1455	0,852096219931271	0,0662	0,0644	113,040050814648
1456	0,851510989010989	0,0885	0,0862	151,326291337312
1457	0,850926561427591	0,117	0,1139	200,333386836587
1458	0,850342935528121	0,1364	0,1327	233,871761251815
1459	0,849760109664154	0,1631	0,1586	280,035385626714
1460	0,849178082191781	0,0854	0,0832	146,829036941442
1461	0,848596851471595	0,0903	0,0879	155,466402887563
1462	0,848016415868673	0,1306	0,1271	225,157433779642
1463	0,847436773752563	0,0432	0,0421	74,5797231811583
1464	0,846857923497268	0,1518	0,1477	262,4232398774
1465	0,846279863481229	0,0934	0,0909	161,685283916761
1466	0,845702592087312	0,0652	0,0635	113,022238425553
1467	0,845126107702795	0,0361	0,0351	62,6636658331989
1468	0,844550408719346	0,0769	0,0749	133,667805775125
1469	0,843975493533016	0,0948	0,0923	165,006212937571
1470	0,843401360544218	0,0497	0,0484	86,6242377802871
1471	0,842828008157716	0,0178	0,0174	31,0665992902081
1472	0,842255434782609	0,0468	0,0456	81,7918141635748
1473	0,841683638832315	0,0702	0,0684	122,854473140829
1474	0,841112618724559	0,0973	0,0948	170,512481690595
1475	0,840542372881356	0,1846	0,1795	323,939647523794
1476	0,839972899728997	0,0688	0,067	120,89532892402
1477	0,839404197698037	0,0697	0,0679	122,642822471366
1478	0,838836265223275	0,0635	0,0618	111,884766897887
1479	0,838269100743746	0,12	0,1168	211,721987417325
1480	0,837702702702703	0,0606	0,0591	107,064236167124
1481	0,837137069547603	0,1153	0,1122	203,980096225198
1482	0,836572199730094	0,0585	0,057	103,633613486046
1483	0,836008091706001	0,1486	0,1445	263,602472495564
1484	0,83544474393531	0,1375	0,1338	244,241167930311
1485	0,834882154882155	0,125	0,1217	222,336768027101
1486	0,834320323014805	0,1234	0,1201	219,786567510889
1487	0,833759246805649	0,0606	0,059	108,079401032425
1488	0,833198924731183	0,0942	0,0917	168,230653976448
1489	0,832639355271995	0,1897	0,1844	339,238468865946
1490	0,832080536912752	0,1748	0,1699	313,012969833844
1491	0,831522468142186	0,1978	0,1922	354,674481206646
1492	0,830965147453083	0,1644	0,1599	295,180611066301
1493	0,830408573342264	0,1816	0,1765	326,500482658493
1494	0,829852744310576	0,2037	0,1979	366,725063074689
1495	0,829297658862876	0,1825	0,1775	328,998275931602
1496	0,828743315508021	0,1685	0,1639	304,166555896112
1497	0,828189712758851	0,2285	0,222	413,026743426359
1498	0,827636849132176	0,1897	0,1844	343,351797709308
1499	0,827084723148766	0,2176	0,2114	394,376042587514
1500	0,826533333333333	0,2506	0,2434	454,791095337958
1501	0,825982678214524	0,2655	0,2578	482,474403532828
1502	0,8254327563249	0,2336	0,2269	425,070603645749
1503	0,824883566200931	0,1849	0,1797	336,901729391837
1504	0,824335106382979	0,1603	0,1559	292,467466365543
1505	0,823787375415282	0,184	0,1789	336,15470237135
1506	0,82324037184595	0,2577	0,2503	471,425130827553
1507	0,822694094226941	0,2551	0,2478	467,28875617035
1508	0,822148541114058	0,243	0,2361	445,715076625262
1509	0,821603711066932	0,1869	0,1817	343,270236247782
1510	0,821059602649007	0,2705	0,2627	497,47301984191
1511	0,820516214427531	0,2647	0,2571	487,451305613809
1512	0,819973544973545	0,2607	0,2532	480,720874979835
1513	0,819431592861864	0,2424	0,2354	447,567805775125
1514	0,81889035667107	0,2257	0,2193	417,283946765607
1515	0,818349834983498	0,2657	0,258	491,886822471366
1516	0,817810026385224	0,2568	0,2494	476,038184223262
1517	0,817270929466051	0,2493	0,2421	462,745077996451
1518	0,816732542819499	0,2521	0,2449	468,559509920955
1519	0,816194865042791	0,2444	0,2374	454,846772382642
1520	0,815657894736842	0,2645	0,2569	492,902726246169
1521	0,815121630506246	0,2751	0,2671	513,33087522181
1522	0,814586070959264	0,2638	0,2562	492,892788514276
1523	0,814051214707814	0,28	0,2719	523,849104694306
1524	0,813517060367454	0,2754	0,2674	515,919850298435
1525	0,812983606557377	0,2588	0,2514	485,458743345701
1526	0,812450851900393	0,2675	0,2598	502,436546217132
1527	0,811918795022921	0,2622	0,2547	493,127394579771
1528	0,811387434554974	0,2793	0,2712	525,976101951928
1529	0,81085676913015	0,2724	0,2646	513,653725116954
1530	0,810326797385621	0,2552	0,2479	481,850040329085
1531	0,809797517962116	0,2697	0,262	509,893758428779
1532	0,809268929503916	0,2784	0,2704	527,029748023875
1533	0,808741030658839	0,2771	0,2692	525,253800532344
1534	0,808213820078227	0,2689	0,2612	510,375583481207
1535	0,807687296416938	0,2669	0,2592	507,240242377803
1536	0,807161458333333	0,2746	0,2668	522,554187449589
1537	0,806636304489265	0,2734	0,2656	520,94828569124
1538	0,806111833550065	0,272	0,2643	518,955289562833
1539	0,805588044184535	0,273	0,2652	521,540758993386
1540	0,805064935064935	0,2649	0,2574	506,724342635909
1541	0,804542504866969	0,269	0,2614	515,235674302307
1542	0,804020752269779	0,2693	0,2617	516,479952572996
1543	0,80349967595593	0,2721	0,2644	522,527030892079
1544	0,802979274611399	0,2721	0,2644	523,204537506049
1545	0,802459546925566	0,2771	0,2692	533,509136554283
1546	0,801940491591203	0,2748	0,2671	529,765991934183
1547	0,80142210730446	0,2731	0,2654	527,170009598322
1548	0,800904392764858	0,2668	0,2592	515,675034037748
1549	0,800387346675274	0,2734	0,2657	529,114561542184
1550	0,799870967741935	0,2699	0,2623	523,015607356025
1551	0,799355254674404	0,2706	0,2629	525,048903532828
1552	0,798840206185567	0,2718	0,2642	528,057547346346
1553	0,798325820991629	0,2713	0,2637	527,76559259558
1554	0,797812097812098	0,2647	0,2573	515,589825133086
1555	0,797299035369775	0,2676	0,2601	521,909574124859
1556	0,796786632390745	0,2631	0,2557	513,793258267463
1557	0,796274887604367	0,2706	0,263	529,11903484433
1558	0,795763799743261	0,2685	0,2609	525,687396354251
1559	0,795253367543297	0,2681	0,2605	525,578283674786
1560	0,79474358974359	0,2657	0,2582	521,541797064043
1561	0,794234465086483	0,27	0,2624	530,66193740926
1562	0,793725992317542	0,2676	0,26	526,619014679787
1563	0,793218170185541	0,2667	0,2592	525,520109937087
1564	0,792710997442455	0,2626	0,2553	518,103572834328
1565	0,79220447284345	0,2673	0,2598	528,051171559929
1566	0,791698595146871	0,2625	0,2551	519,231690595257
1567	0,791193363114231	0,2631	0,2557	521,083364978222
1568	0,790688775510204	0,2572	0,25	510,048469753186
1569	0,790184831102613	0,2545	0,2474	505,338098483626
1570	0,78968152866242	0,2418	0,235	480,733037586708
1571	0,789178866963717	0,2351	0,2285	468,008097354412
1572	0,788676844783715	0,2378	0,2311	473,985768027101
1573	0,788175460902734	0,2341	0,2275	467,204725681562
1574	0,787674714104193	0,2415	0,2346	482,586267139861
1575	0,787174603174603	0,2397	0,2329	479,59817107598
1576	0,786675126903553	0,2468	0,2398	494,43129278916
1577	0,786176284083703	0,216	0,2099	433,276870462978
1578	0,785678073510773	0,2352	0,2285	472,388898854654
1579	0,785180493983534	0,2367	0,2301	476,004310937248
1580	0,784683544303797	0,2446	0,2377	492,514470075819
1581	0,784187223276407	0,2487	0,2417	501,404114131312
1582	0,783691529709229	0,242	0,2351	488,513637683497
1583	0,78319646241314	0,2476	0,2405	500,450166478464
1584	0,78270202020202	0,249	0,2419	503,915909017583
1585	0,782208201892744	0,2587	0,2514	524,207620180674
1586	0,78171500630517	0,2557	0,2484	518,782672366511
1587	0,78122243226213	0,253	0,2458	513,952215679948
1588	0,780730478589421	0,2511	0,2439	510,735536699468
1589	0,780239144115796	0,2323	0,2257	473,091747297951
1590	0,779748427672956	0,2418	0,2349	493,059025649298
1591	0,779258328095537	0,242	0,235	494,087757702855
1592	0,778768844221105	0,2523	0,245	515,764854976609
1593	0,778279974890144	0,2583	0,2509	528,693931843846
1594	0,777791718946048	0,2562	0,2489	525,054188740119
1595	0,77730407523511	0,2582	0,2508	529,817111630908
1596	0,776817042606516	0,2445	0,2375	502,33449911276
1597	0,776330619912336	0,2469	0,2399	507,901259961284
1598	0,775844806007509	0,2542	0,2469	523,573267301178
1599	0,775359599749844	0,242	0,2351	499,069077270527
1600	0,774875	0,2381	0,2313	491,640587191483
1601	0,774391005621487	0,2232	0,2169	461,450607517342
1602	0,773907615480649	0,2241	0,2178	463,890253589289
1603	0,773424828446662	0,224	0,2177	464,262313276335
1604	0,772942643391521	0,2284	0,222	473,97255557348
1605	0,772461059190031	0,2368	0,2301	492,017035005646
1606	0,771980074719801	0,2414	0,2345	502,20000838845
1607	0,771499688861232	0,233	0,2264	485,328776415551
1608	0,771019900497512	0,2299	0,2234	479,46777996451
1609	0,770540708514605	0,2273	0,2209	474,635143813518
1610	0,770062111801242	0,2176	0,2115	454,945120180674
1611	0,769584109248914	0,2268	0,2204	474,769158573964
1612	0,769106699751861	0,2308	0,2242	483,742502984352
1613	0,768629882207068	0,2372	0,2305	497,773517341507
1614	0,76815365551425	0,2384	0,2316	500,912281335699
1615	0,767678018575851	0,241	0,2342	507,002923858687
1616	0,76720297029703	0,2305	0,224	485,514282948863
1617	0,766728509585652	0,2347	0,228	494,972986207453
1618	0,766254635352287	0,2435	0,2366	514,167199548314
1619	0,765781346510191	0,241	0,2342	509,517503629618
1620	0,765308641975309	0,2345	0,2278	496,387965800936
1621	0,764836520666255	0,2343	0,2277	496,577098160994
1622	0,764364981504316	0,2375	0,2308	503,980440393612
1623	0,763894023413432	0,2425	0,2356	515,225264155509
1624	0,763423645320197	0,2427	0,2358	516,285816422003
1625	0,762953846153846	0,2378	0,2311	506,485421035651
1626	0,762484624846248	0,2397	0,2329	511,160733344088
1627	0,762015980331899	0,2408	0,234	514,138299080497
1628	0,761547911547912	0,2413	0,2345	515,839376673657
1629	0,761080417434009	0,2414	0,2346	516,687318438458
1630	0,760613496932515	0,2365	0,2298	506,821140506533
1631	0,760147148988351	0,2381	0,2314	510,876217212454
1632	0,75968137254902	0,2382	0,2315	511,717693821584
1633	0,759216166564605	0,2327	0,2261	500,515026859171
1634	0,75875152998776	0,2328	0,2263	501,343568962736
1635	0,7582874617737	0,2337	0,2271	503,897953298919
1636	0,757823960880196	0,2354	0,2288	508,1845123407
1637	0,757361026267563	0,227	0,2206	490,649752379416
1638	0,756898656898657	0,2201	0,2139	476,31713534441
1639	0,756436851738865	0,2203	0,2141	477,332244152283
1640	0,755975609756098	0,2151	0,2091	466,63410227456
1641	0,75551492992078	0,2196	0,2135	476,977470237135
1642	0,755054811205847	0,2208	0,2147	480,168584610421
1643	0,754595252586732	0,2154	0,2094	468,99605952573
1644	0,754136253041362	0,2236	0,2173	487,442950153251
1645	0,753677811550152	0,2182	0,2122	476,249923374738
1646	0,75321992709599	0,2175	0,2115	475,299427326988
1647	0,752762598664238	0,2277	0,2214	498,194119454751
1648	0,752305825242718	0,2166	0,2106	474,483631553476
1649	0,75184960582171	0,2187	0,2126	479,665477254396
1650	0,751393939393939	0,2253	0,219	494,740482335861
1651	0,750938824954573	0,2086	0,2028	458,624043071463
1652	0,750484261501211	0,2237	0,2175	492,418587514115
1653	0,750030248033878	0,2228	0,2166	491,031396354251
1654	0,749576783555018	0,2158	0,2099	476,179636070334
1655	0,749123867069486	0,2223	0,2162	491,115710195193
1656	0,748671497584541	0,221	0,2149	488,83388933699
1657	0,748219674109837	0,2222	0,2161	492,081954992741
1658	0,747768395657419	0,2249	0,2187	498,662690433941
1659	0,747317661241712	0,2212	0,2151	491,050618809485
1660	0,746867469879518	0,2233	0,2172	496,310275850944
1661	0,746417820590006	0,2238	0,2177	498,021067752863
1662	0,745968712394705	0,2191	0,2131	488,149427649621
1663	0,745520144317498	0,2224	0,2163	496,098197773834
1664	0,745072115384615	0,221	0,215	493,568330375867
1665	0,744624624624625	0,2118	0,2061	473,590300854977
1666	0,744177671068427	0,1788	0,1741	400,281829972576
1667	0,74373125374925	0,2107	0,205	472,26319753186
1668	0,743285371702638	0,2146	0,2088	481,581924826585
1669	0,742840023966447	0,2152	0,2094	483,507603807066
1670	0,742395209580838	0,2217	0,2157	498,708767543152
1671	0,74195092758827	0,2188	0,2129	492,774907888369
1672	0,741507177033493	0,2115	0,2058	476,904352314889
1673	0,741063956963539	0,2163	0,2105	488,311294321665
1674	0,740621266427718	0,2158	0,21	487,765091788998
1675	0,740179104477612	0,2136	0,2079	483,369495079852
1676	0,739737470167064	0,2115	0,2058	479,188920793676
1677	0,739296362552176	0,2123	0,2067	481,575614373286
1678	0,738855780691299	0,2092	0,2037	475,109769962897
1679	0,738415723645027	0,213	0,2074	484,316609937087
1680	0,73797619047619	0,2056	0,2002	468,047620583965
1681	0,737537180249851	0,1945	0,1894	443,305786820455
1682	0,737098692033294	0,2037	0,1983	464,827035650911
1683	0,736660724896019	0,2091	0,2036	477,716930069366
1684	0,736223277909739	0,198	0,1928	452,895215357316
1685	0,735786350148368	0,2132	0,2076	488,24227294725
1686	0,735349940688019	0,2103	0,2048	482,172881755122
1687	0,734914048606995	0,2048	0,1995	470,119738022262
1688	0,734478672985782	0,2101	0,2047	482,857859654783
1689	0,734043812907046	0,2072	0,2018	476,757373124698
1690	0,733609467455621	0,2052	0,1999	472,714728181965
1691	0,73317563571851	0,193	0,1881	445,136177609292
1692	0,73274231678487	0,2071	0,2017	478,221595741249
1693	0,732309509746013	0,2113	0,2059	488,496865381513
1694	0,731877213695395	0,2048	0,1995	474,029240845298
1695	0,731445427728614	0,2097	0,2043	485,943976851105
1696	0,731014150943396	0,2092	0,2038	485,357498951444
1697	0,730583382439599	0,1811	0,1765	420,659307872237
1698	0,730153121319199	0,2074	0,2021	482,316913695757
1699	0,729723366686286	0,2055	0,2002	478,461449830618
1700	0,729294117647059	0,1998	0,1946	465,738022261655
1702	0,728437132784959	0,204	0,1987	476,64785933215
1705	0,727155425219941	0,1978	0,1928	463,792180190353
1710	0,725029239766082	0,1879	0,1832	443,166954347475
1715	0,722915451895044	0,1897	0,1849	450,032571785772
1720	0,720813953488372	0,187	0,1823	446,217777060816
1725	0,718724637681159	0,1781	0,1737	427,455083481207
1730	0,716647398843931	0,1741	0,1698	420,280601709953
1735	0,714582132564841	0,1615	0,1576	392,120775528311
1740	0,712528735632184	0,1682	0,1641	410,745539603162
1745	0,710487106017192	0,1548	0,1511	380,198314244233
1750	0,708457142857143	0,1657	0,1616	409,304928214228
1755	0,706438746438746	0,153	0,1493	380,096648653009
1760	0,704431818181818	0,16	0,1561	399,754799161155
1765	0,702436260623229	0,1328	0,1297	333,684368446524
1770	0,70045197740113	0,1417	0,1383	358,067373769963
1775	0,698478873239437	0,1148	0,1121	291,733949024036
1780	0,696516853932584	0,1005	0,0981	256,835134699145
1785	0,694565826330532	0,077	0,0752	197,886211485723
1790	0,692625698324022	0,0889	0,0868	229,750354895951
1795	0,690696378830084	0,0469	0,0459	121,884959267624
1800	0,688777777777778	0,0318	0,0311	83,1037264074851
1805	0,686869806094183	0,0148	0,0145	38,8923778028714
1810	0,684972375690608	0,0097	0,0095	25,6316905952573
1815	0,683085399449036	0,0033	0,0032	8,7683033553799
1820	0,681208791208791	1E-3	1E-3	2,67172124536216
1825	0,679342465753425	0,0013	0,0012	3,49234755605743
1830	0,677486338797814	0	0	0
1835	0,675640326975477	0	0	0
1840	0,673804347826087	0	0	0
1845	0,671978319783198	0	0	0
1850	0,670162162162162	0	0	0
1855	0,668355795148248	0	0	0
1860	0,666559139784946	0	0	0
1865	0,664772117962466	0	0	0
1870	0,662994652406417	0	0	0
1875	0,661226666666667	0	0	0
1880	0,659468085106383	1E-4	1E-4	0,285078238425553
1885	0,657718832891247	0	0	0
1890	0,655978835978836	2E-4	2E-4	0,576238102919826
1895	0,654248021108179	1E-4	1E-4	0,289645507339894
1900	0,652526315789474	0	0	0
1905	0,650813648293963	0	0	0
1910	0,649109947643979	0	0	0
1915	0,647415143603133	0	0	0
1920	0,645729166666667	5E-4	4E-4	1,48669140183901
1925	0,644051948051948	9E-4	9E-4	2,69000040329085
1930	0,642383419689119	6E-4	5E-4	1,8026617196322
1935	0,640723514211886	0,0036	0,0035	10,8720842071302
1940	0,639072164948454	0,0033	0,0032	10,0176480077432
1945	0,637429305912596	0,0109	0,0107	33,2593744958864
1950	0,635794871794872	0,0167	0,0165	51,2193498951444
1955	0,634168797953964	0,01	0,0099	30,8277544765285
1960	0,632551020408163	0,0219	0,0216	67,8585578319084
1965	0,630941475826972	0,0286	0,0281	89,0716526859171
1970	0,629340101522843	0,0488	0,0481	152,756831747056
1975	0,627746835443038	0,0679	0,0667	213,625131069527
1980	0,626161616161616	0,0755	0,0742	238,740280690434
1985	0,624584382871537	0,0831	0,0816	264,10122398774
1990	0,623015075376884	0,0856	0,0841	273,418744958864
1995	0,621453634085213	0,0812	0,0798	260,669487014035
2000	0,6199	0,0382	0,0375	123,245684787869
2005	0,618354114713217	0,015	0,0147	48,6371793837716
2010	0,61681592039801	0,0397	0,0391	129,369228907888
2015	0,615285359801489	0,0266	0,0262	87,1124253911921
2020	0,613762376237624	0,045	0,0442	148,102919825778
2025	0,612246913580247	0,074	0,0728	244,754194224875
2030	0,610738916256158	0,0849	0,0835	282,194232940797
2035	0,609238329238329	0,0964	0,0948	321,998782061623
2040	0,607745098039216	0,0898	0,0883	301,429004678174
2045	0,606259168704156	0,0911	0,0896	307,293496934989
2050	0,604780487804878	0,0679	0,0669	230,157888369092
2055	0,60330900243309	0,0549	0,0541	187,001187691563
2060	0,601844660194175	0,0692	0,0682	236,858461042104
2065	0,600387409200968	0,0619	0,061	212,901699870947
2070	0,598937198067633	0,0657	0,0647	227,067212453622
2075	0,597493975903614	0,0774	0,0763	268,79768914341
2080	0,596057692307692	0,0868	0,0855	302,896854331344
2085	0,59462829736211	0,0851	0,0838	298,393972818196
2090	0,593205741626794	0,0891	0,0878	313,919753185998
2095	0,591789976133651	0,0897	0,0884	317,547622600419
2100	0,590380952380952	0,0861	0,0849	306,259880625907
2105	0,588978622327791	0,0932	0,0918	333,095281497016
2110	0,587582938388626	0,0897	0,0883	322,111122761736
2115	0,586193853427896	0,0917	0,0903	330,855567430231
2120	0,584811320754717	0,0876	0,0863	317,558832069689
2125	0,583435294117647	0,0886	0,0873	322,700738022262
2130	0,58206572769953	0,0898	0,0884	328,612372963381
2135	0,580702576112412	0,09	0,0887	330,892281013067
2140	0,579345794392523	0,0908	0,0894	335,398999838684
2145	0,577995337995338	0,0895	0,0881	332,143682448782
2150	0,576651162790698	0,0846	0,0834	315,424665268592
2155	0,575313225058005	0,0848	0,0836	317,642619777383
2160	0,573981481481481	0,0842	0,0829	316,8603968382
2165	0,572655889145496	0,0763	0,0752	288,462064445878
2170	0,571336405529954	0,082	0,0808	311,445233102113
2175	0,570022988505747	0,0804	0,0793	306,777101145346
2180	0,568715596330275	0,0818	0,0806	313,555670269398
2185	0,567414187643021	0,0746	0,0735	287,269870140345
2190	0,566118721461187	0,0791	0,0779	305,994120019358
2195	0,564829157175399	0,079	0,0778	307,004335376674
2200	0,563545454545455	0,0712	0,0702	277,954508791741
2205	0,562267573696145	0,074	0,0729	290,199911276012
2210	0,560995475113122	0,0793	0,0782	312,396459106307
2215	0,559729119638826	0,0763	0,0752	301,939802790773
2220	0,558468468468468	0,0777	0,0766	308,869720922729
2225	0,557213483146067	0,0755	0,0744	301,477808920794
2230	0,555964125560538	0,0758	0,0747	304,037602839168
2235	0,554720357941834	0,0743	0,0733	299,358942974673
2240	0,553482142857143	0,0731	0,0721	295,843329569285
2245	0,552249443207127	0,0708	0,0699	287,815591224391
2250	0,551022222222222	0,0719	0,071	293,590700112921
2255	0,54980044345898	0,0677	0,0669	277,670747297951
2260	0,54858407079646	0,0669	0,0661	275,607710921116
2265	0,547373068432671	0,0681	0,0674	281,794097838361
2270	0,546167400881057	0,0649	0,0641	269,739643490886
2275	0,544967032967033	0,064	0,0633	267,172124536216
2280	0,543771929824561	0,0663	0,0656	277,991547023714
2285	0,542582056892779	0,0631	0,0624	265,735842474593
2290	0,541397379912664	0,0632	0,0625	267,323052105178
2295	0,540217864923747	0,0613	0,0606	260,419932650427
2300	0,53904347826087	0,0588	0,0582	250,888853040813
2305	0,537874186550976	0,0592	0,0585	253,695015325052
2310	0,536709956709957	0,0639	0,0632	275,025641232457
2315	0,535550755939525	0,0581	0,0575	251,146130424262
2320	0,534396551724138	0,052	0,0515	225,749959670915
2325	0,533247311827957	0,0562	0,0556	245,036396999516
2330	0,532103004291845	0,0568	0,0562	248,718761090498
2335	0,530963597430407	0,058	0,0574	255,064566865623
2340	0,52982905982906	0,0458	0,0454	202,276560735603
2345	0,528699360341151	0,0514	0,0509	227,98022664946
2350	0,527574468085106	0,0415	0,0411	184,855420229069
2355	0,526454352441614	0,0475	0,047	212,482809727375
2360	0,525338983050847	0,0502	0,0497	225,515341184062
2365	0,524228329809725	0,0494	0,0489	222,862812550411
2370	0,523122362869198	0,0308	0,0305	139,53905468624
2375	0,522021052631579	0,0441	0,0437	200,638459832231
2380	0,520924369747899	0,0426	0,0421	194,63094047427
2385	0,519832285115304	0,0308	0,0305	141,310961445394
2390	0,518744769874477	0,0371	0,0367	170,929916115503
2395	0,517661795407098	0,0406	0,0402	187,838857073722
2400	0,516583333333333	0,0442	0,0437	205,349249879013
2405	0,515509355509356	0,0336	0,0333	156,753702210034
2410	0,514439834024896	0,0338	0,0335	158,343103726407
2415	0,513374741200828	0,0273	0,0271	128,423731650266
2420	0,512314049586777	0,0266	0,0264	125,649491853525
2425	0,511257731958763	0,0331	0,0328	157,000070575899
2430	0,510205761316872	0,0451	0,0447	214,801572834328
2435	0,509158110882957	0,0149	0,0148	71,2578258590095
2440	0,508114754098361	0,0432	0,0429	207,44920148411
2445	0,507075664621677	0,0208	0,0207	100,292724633005
2450	0,506040816326531	0,0136	0,0135	65,8444910469431
2455	0,505010183299389	0,0249	0,0247	121,046073963543
2460	0,503983739837398	0,0334	0,0332	163,02906920471
2465	0,502961460446247	0,0241	0,024	118,113423536054
2470	0,501943319838057	0,0167	0,0166	82,1786013873205
2475	0,500929292929293	0,0165	0,0164	81,5234816099371
2480	0,49991935483871	0,008	0,008	39,6864010324246
2485	0,498913480885312	0,0056	0,0056	27,8926117115664
2490	0,497911646586345	0,0035	0,0035	17,5031053395709
2495	0,496913827655311	0,0029	0,0029	14,5608747378609
2500	0,49592	0,0071	0,007	35,7920632360058
2505	0,494930139720559	0,0015	0,0015	7,59198056138087
2510	0,49394422310757	0,0022	0,0022	11,1793999032102
2515	0,492962226640159	5E-4	5E-4	2,5509053879658
2520	0,491984126984127	4E-4	4E-4	2,04884658815938
2525	0,491009900990099	0	0	0
2530	0,4900395256917	0	0	0
2535	0,489072978303748	0	0	0
2540	0,488110236220472	0	0	0
2545	0,487151277013752	0	0	0
2550	0,486196078431373	0	0	0
2555	0,485244618395303	0	0	0
2560	0,484296875	0	0	0
2565	0,483352826510721	0	0	0
2570	0,482412451361868	0	0	0
2575	0,48147572815534	0	0	0
2580	0,480542635658915	0	0	0
2585	0,479613152804642	0	0	0
2590	0,478687258687259	0	0	0
2595	0,47776493256262	0	0	0
2600	0,476846153846154	0	0	0
2605	0,475930902111324	0	0	0
2610	0,475019157088123	0	0	0
2615	0,474110898661568	0	0	0
2620	0,473206106870229	0	0	0
2625	0,472304761904762	0	0	0
2630	0,471406844106464	0	0	0
